data/rako_simulation/abm_habitat_values.asc
ncols        331
nrows        89
xllcorner    1726100.000000000000
yllcorner    6070600.000000000000
cellsize     100.000000000000
NODATA_value  nan
[rows 43 to 85 of 89, columns 0 to 95 of 331]
47 32 30 25 25 28 60 34 35 34 34 32 38 40 69 71 36 38 37 40 44 79 76 39 45 44 41 39 48 19 23 27 30 47 52 65 54 37 76 nan nan nan nan nan nan nan nan nan nan nan nan nan nan nan nan nan nan nan nan nan nan nan nan nan nan nan nan nan nan nan nan nan nan nan nan nan nan nan nan nan nan nan nan nan nan nan nan nan nan nan nan nan nan nan nan nan
30 32 32 26 22 48 36 35 37 36 36 33 35 41 71 38 34 35 32 33 76 80 79 41 74 40 14 14 41 17 16 19 55 38 45 46 30 52 76 nan nan nan nan nan nan nan nan nan nan nan nan nan nan nan nan nan nan nan nan nan nan nan nan nan nan nan nan nan nan nan nan nan nan nan nan nan nan nan nan nan nan nan nan nan nan nan nan nan nan nan nan nan nan nan nan nan
29 34 31 57 11 35 36 12 33 36 35 61 63 36 40 69 37 31 27 31 36 42 47 45 73 15 13 13 39 39 15 50 21 36 39 41 29 51 73 nan nan nan nan nan nan nan nan nan nan nan nan nan nan nan nan nan nan nan nan nan nan nan nan nan nan nan nan nan nan nan nan nan nan nan nan nan nan nan nan nan nan nan nan nan nan nan nan nan nan nan nan nan nan nan nan nan
28 36 33 35 35 34 31 33 62 38 39 63 33 61 66 64 27 25 25 38 28 39 43 76 14 37 40 36 37 12 38 44 18 20 21 37 37 47 56 79 nan nan nan nan nan nan nan nan nan nan nan nan nan nan nan nan nan nan nan nan nan nan nan nan nan nan nan nan nan nan nan nan nan nan nan nan nan nan nan nan nan nan nan nan nan nan nan nan nan nan nan nan nan nan nan nan
35 33 33 34 32 26 52 63 35 33 36 34 33 32 51 23 24 23 42 38 31 42 43 71 70 40 42 66 33 14 40 15 15 37 32 21 38 46 49 58 63 nan nan nan nan nan nan nan nan nan nan nan nan nan nan nan nan nan nan nan nan nan nan nan nan nan nan nan nan nan nan nan nan nan nan nan nan nan nan nan nan nan nan nan nan nan nan nan nan nan nan nan nan nan nan nan
33 32 32 33 52 45 25 61 63 56 35 33 35 27 21 30 32 43 38 24 35 74 74 69 65 65 41 37 38 14 22 14 15 29 31 40 56 42 45 54 44 65 nan nan nan nan nan nan nan nan nan nan nan nan nan nan nan nan nan nan nan nan nan nan nan nan nan nan nan nan nan nan nan nan nan nan nan nan nan nan nan nan nan nan nan nan nan nan nan nan nan nan nan nan nan nan
32 31 32 57 20 21 29 29 54 49 27 32 33 47 19 36 51 39 22 26 69 73 72 66 69 42 43 67 67 67 14 16 17 17 19 20 46 37 42 51 37 41 61 nan 91 nan nan nan 89 82 nan nan nan nan nan nan nan nan nan nan nan nan nan nan nan nan nan nan nan nan nan nan nan nan nan nan nan nan nan nan nan nan nan nan nan nan nan nan nan nan nan nan nan nan nan nan
31 33 34 56 31 35 36 26 24 23 49 33 32 29 22 23 41 26 24 63 69 69 38 65 68 71 68 66 69 41 43 17 19 19 46 19 31 50 58 44 31 76 61 54 74 83 68 88 nan nan nan nan nan nan nan nan nan nan nan nan nan nan nan nan nan nan nan nan nan nan nan nan nan nan nan nan nan nan nan nan nan nan nan nan nan nan nan nan nan nan nan nan nan nan nan nan
31 62 35 34 63 61 36 32 32 33 32 34 31 32 33 54 27 27 28 37 69 68 64 62 69 74 43 41 42 46 46 19 51 52 49 31 30 33 37 24 27 31 55 58 61 62 64 77 nan nan nan nan nan nan nan nan nan nan nan nan nan nan nan nan nan nan nan nan nan nan nan nan nan nan nan nan nan nan nan nan nan nan nan nan nan nan nan nan nan nan nan nan nan nan nan nan
31 61 58 61 61 61 36 34 35 35 35 34 33 31 32 63 33 33 59 40 37 68 67 70 43 45 44 42 44 46 82 51 49 51 32 30 29 20 34 38 27 42 50 54 52 75 59 80 82 nan nan 94 93 nan nan nan nan nan nan nan nan nan nan nan nan nan nan nan nan nan nan nan nan nan nan nan nan nan nan nan nan nan nan nan nan nan nan nan nan nan nan nan nan nan nan nan
31 33 65 60 59 59 35 35 33 34 36 61 32 32 32 34 30 51 29 56 69 40 69 41 71 42 46 40 43 16 46 44 48 30 30 26 17 28 28 34 39 41 31 48 67 68 70 53 62 82 89 80 91 91 nan nan nan nan nan nan nan nan nan nan nan nan nan nan nan nan nan nan nan nan nan nan nan nan nan nan nan nan nan nan nan nan nan nan nan nan nan nan nan nan nan nan
32 36 33 62 57 58 27 31 44 31 34 37 31 30 31 34 34 49 32 26 61 64 57 64 71 73 75 41 73 15 41 41 46 44 78 39 74 24 18 32 35 36 27 42 27 24 62 69 75 66 90 87 70 76 94 92 nan nan nan nan nan nan nan nan nan nan nan nan nan nan nan nan nan nan nan nan nan nan nan nan nan nan nan nan nan nan nan nan nan nan nan nan nan nan nan nan
31 62 59 28 28 28 26 24 28 29 29 64 30 30 31 31 34 35 35 32 32 62 60 31 33 32 73 73 75 45 38 40 40 40 42 38 15 15 18 17 20 51 22 23 21 84 55 27 69 74 79 84 70 79 94 95 95 nan nan nan nan nan nan nan nan nan nan nan nan nan nan nan nan nan nan nan nan nan nan nan nan nan nan nan nan nan nan nan nan nan nan nan nan nan nan nan
30 33 28 25 24 24 22 22 24 24 29 60 35 29 30 31 34 36 34 36 37 62 62 32 31 33 71 72 74 72 36 37 71 71 14 38 38 41 47 48 19 80 25 32 18 54 88 60 43 44 70 62 70 90 nan nan nan nan nan nan nan nan nan nan nan nan nan nan nan nan nan nan nan nan nan nan nan nan nan nan nan nan nan nan nan nan nan nan nan nan nan nan nan nan nan nan
30 34 29 27 26 24 24 22 22 24 26 55 31 28 64 66 34 35 35 35 33 32 30 33 32 34 33 66 71 38 68 39 38 39 37 40 42 43 43 18 76 17 17 75 30 22 22 35 36 37 46 57 63 88 nan nan nan nan nan nan nan nan nan nan nan nan nan nan nan nan nan nan nan nan nan nan nan nan nan nan nan nan nan nan nan nan nan nan nan nan nan nan nan nan nan nan
35 33 31 29 26 39 39 22 23 24 48 48 29 30 63 35 35 36 35 30 24 24 25 26 63 68 31 36 71 40 71 37 37 37 40 39 38 15 16 76 43 42 42 78 18 51 20 55 54 23 32 57 62 85 nan nan nan nan nan nan nan nan nan nan nan nan nan nan nan nan nan nan nan nan nan nan nan nan nan nan nan nan nan nan nan nan nan nan nan nan nan nan nan nan nan nan
29 33 31 30 30 31 41 27 27 23 48 48 50 53 31 33 36 36 36 50 27 23 25 28 37 68 63 34 38 66 41 43 38 38 39 39 40 70 17 76 41 76 79 18 19 20 81 19 22 63 73 39 43 64 nan nan nan nan nan nan nan nan nan nan nan nan nan nan nan nan nan nan nan nan nan nan nan nan nan nan nan nan nan nan nan nan nan nan nan nan nan nan nan nan nan nan
59 31 60 24 25 29 33 31 60 53 48 22 22 23 26 28 31 36 30 27 25 26 31 32 37 68 67 69 68 36 40 43 46 44 45 45 79 19 17 71 41 43 43 44 50 47 51 21 25 46 34 58 41 77 nan nan nan nan nan 92 93 nan nan nan nan nan nan nan nan nan nan nan nan nan nan nan nan nan nan nan nan nan nan nan nan nan nan nan nan nan nan nan nan nan nan nan
30 31 31 30 29 33 35 58 31 28 25 22 22 22 22 25 46 32 61 30 32 33 67 69 40 65 38 69 37 36 36 37 43 45 46 48 79 48 77 73 75 43 43 47 51 50 53 23 28 66 70 74 55 59 61 nan nan nan nan nan nan 90 nan nan nan nan nan nan nan nan nan nan nan nan nan nan nan nan nan nan nan nan nan nan nan nan nan nan nan nan nan nan nan nan nan nan
31 30 30 31 31 31 30 30 28 56 55 24 22 22 34 48 46 31 60 61 31 67 68 69 37 38 36 38 37 37 32 27 56 37 45 76 76 77 45 45 42 41 45 51 57 87 54 23 89 63 70 54 37 38 57 nan nan nan nan nan nan nan nan nan nan nan nan nan nan nan nan nan nan nan nan nan nan nan nan nan nan nan nan nan nan nan nan nan nan nan nan nan nan nan nan nan
30 29 30 31 31 33 58 32 31 58 33 28 23 25 33 31 30 59 60 61 35 36 39 37 37 36 36 36 69 32 41 24 27 28 33 74 42 36 42 75 76 78 48 52 87 89 86 85 87 27 30 33 35 39 61 nan nan nan nan nan nan nan nan nan nan nan nan nan nan nan nan nan nan nan nan nan nan nan nan nan nan nan nan nan nan nan nan nan nan nan nan nan nan nan nan nan
27 25 27 31 30 59 31 32 22 26 34 32 29 30 31 60 58 60 60 61 66 67 35 39 39 36 37 36 70 28 41 45 48 47 35 39 40 35 39 75 78 47 50 50 82 89 86 21 23 26 29 28 34 41 75 nan nan nan nan nan nan nan nan nan nan nan nan nan nan nan nan nan nan nan nan nan nan nan nan nan nan nan nan nan nan nan nan nan nan nan nan nan nan nan nan nan
28 24 28 34 36 57 32 57 24 30 35 35 34 29 58 61 33 32 34 38 36 35 29 27 31 39 37 37 39 29 36 33 27 29 37 37 70 38 40 43 34 43 43 46 47 87 60 85 21 55 24 68 36 55 60 86 nan nan nan nan nan nan nan nan nan nan nan nan nan nan nan nan nan nan nan nan nan nan nan nan nan nan nan nan nan nan nan nan nan nan nan nan nan nan nan nan
28 27 28 34 64 60 57 22 23 34 31 30 25 50 30 32 32 36 36 38 37 27 34 26 25 30 37 37 37 33 39 37 30 66 40 40 70 39 38 37 33 38 37 43 48 85 90 88 86 87 59 31 38 38 90 88 nan nan nan nan nan nan nan nan nan nan nan nan nan nan nan nan nan nan nan nan nan nan nan nan nan nan nan nan nan nan nan nan nan nan nan nan nan nan nan nan
27 27 28 33 65 59 21 19 27 29 25 60 52 28 32 31 32 33 36 37 35 27 31 43 30 29 31 40 37 37 14 14 37 38 37 69 69 40 38 33 49 39 56 41 41 80 88 88 61 60 68 74 57 43 64 nan nan nan nan nan nan nan nan nan nan nan nan nan nan nan nan nan nan nan nan nan nan nan nan nan nan nan nan nan nan nan nan nan nan nan nan nan nan nan nan nan
27 25 28 33 66 55 20 19 23 24 19 51 34 36 36 35 30 30 63 38 65 28 29 33 35 31 33 68 37 36 37 37 36 37 69 37 37 37 50 49 61 44 43 44 38 78 89 87 89 89 28 36 42 48 71 nan nan nan nan nan nan nan nan nan nan nan nan nan nan nan nan nan nan nan nan nan nan nan nan nan nan nan nan nan nan nan nan nan nan nan nan nan nan nan nan nan
28 25 29 35 66 30 21 20 18 20 21 52 38 38 37 34 33 31 34 35 37 60 27 33 30 36 35 34 68 36 32 30 34 36 39 69 69 38 37 52 58 59 77 45 77 83 88 58 87 90 30 96 99 49 98 nan nan nan nan nan nan nan nan nan nan nan nan nan nan nan nan nan nan nan nan nan nan nan nan nan nan nan nan nan nan nan nan nan nan nan nan nan nan nan nan nan
26 25 30 31 33 33 26 21 23 22 23 58 35 35 65 36 33 33 34 34 36 39 31 34 34 34 32 33 37 34 27 29 32 32 36 41 69 35 36 53 60 57 35 53 56 60 89 88 87 91 33 98 98 46 62 nan nan nan nan nan nan nan nan nan nan nan nan nan nan nan nan nan nan nan nan nan nan nan nan nan nan nan nan nan nan nan nan nan nan nan nan nan nan nan nan nan
26 27 30 33 65 33 30 29 33 26 28 35 33 33 67 67 66 36 34 34 32 33 37 38 36 35 34 31 33 58 29 31 35 35 67 35 31 30 28 54 59 36 70 50 55 58 88 62 66 68 33 39 41 46 90 76 nan nan nan nan nan nan nan nan nan nan nan nan nan nan nan nan nan nan nan nan nan nan nan nan nan nan nan nan nan nan nan nan nan nan nan nan nan nan nan nan
25 27 56 61 65 32 35 34 67 31 32 35 33 33 32 31 32 38 35 32 29 28 30 30 31 29 64 30 33 28 10 33 35 37 67 70 67 64 27 30 35 45 44 50 55 86 89 65 69 71 72 79 80 43 47 62 nan nan 91 nan nan nan nan nan nan nan nan nan nan nan nan nan nan nan nan nan nan nan nan nan nan nan nan nan nan nan nan nan nan nan nan nan nan nan nan nan
26 26 54 31 31 33 30 34 67 66 38 66 32 30 31 35 34 66 36 11 27 26 28 25 28 26 59 59 35 60 11 35 34 66 67 69 69 68 29 28 37 46 49 52 86 82 83 59 68 71 74 79 81 99 99 51 62 73 89 nan nan nan nan nan nan nan nan nan nan nan nan nan nan nan nan nan nan nan nan nan nan nan nan nan nan nan nan nan nan nan nan nan nan nan nan nan
27 25 28 28 31 59 62 62 58 65 36 34 32 29 34 35 35 36 37 35 29 27 27 25 27 26 30 11 11 32 31 34 35 36 39 69 69 69 70 72 73 45 48 52 48 52 84 86 90 71 74 79 43 44 50 52 51 62 nan nan nan nan nan nan nan nan nan nan nan nan nan nan nan nan nan nan nan nan nan nan nan nan nan nan nan nan nan nan nan nan nan nan nan nan nan nan
27 26 9 28 28 58 31 54 57 57 57 61 63 35 36 35 35 31 29 34 35 36 35 30 29 30 30 31 11 60 55 33 35 34 66 67 69 40 40 34 34 41 41 44 47 52 83 85 86 91 71 98 98 97 40 68 72 60 nan nan nan nan nan nan nan nan nan nan nan nan nan 69 nan nan nan nan nan nan nan nan nan nan nan nan nan nan nan nan nan nan nan nan nan nan nan nan
25 25 8 51 52 27 27 28 53 28 31 29 36 61 33 28 33 30 28 26 66 13 35 30 30 31 57 11 30 29 9 27 30 34 66 68 69 69 69 28 32 56 57 45 48 53 49 44 48 64 94 72 74 68 70 48 71 74 nan nan nan nan nan nan nan nan nan nan nan nan nan nan 80 nan nan nan nan nan nan nan nan nan nan nan nan nan nan nan nan nan nan nan nan nan nan nan
24 22 22 8 8 8 25 24 26 25 25 26 31 31 66 37 66 31 32 31 37 39 35 32 30 58 29 11 29 29 25 24 28 28 33 67 69 69 37 30 47 52 62 63 66 47 49 50 56 62 92 66 71 74 78 100 88 100 68 nan nan nan nan nan nan nan nan nan nan nan nan nan 81 nan nan nan nan nan nan nan nan nan nan nan nan nan nan nan nan nan nan nan nan nan nan nan
21 22 21 21 7 7 22 21 25 25 26 28 30 31 37 64 36 35 35 34 37 37 35 32 33 60 33 11 10 27 26 26 25 30 34 68 68 70 67 64 36 55 57 63 65 60 46 53 56 89 90 61 69 75 81 85 86 88 73 66 nan nan nan nan nan nan nan nan nan nan nan nan nan nan nan nan nan nan nan nan nan nan nan nan nan nan nan nan nan nan nan nan nan nan nan nan
22 19 20 20 19 38 7 20 22 24 24 29 36 33 64 34 35 35 35 35 37 37 35 29 30 29 60 59 25 25 26 26 26 52 54 62 68 38 66 68 69 38 57 61 62 63 45 52 54 56 58 60 66 73 77 43 43 84 82 60 67 50 71 73 78 nan nan nan 83 nan nan 88 nan nan nan nan nan nan nan nan nan nan nan nan nan nan nan nan nan nan nan nan nan nan nan nan
7 6 19 20 19 6 19 22 22 24 10 65 65 62 32 32 32 49 36 36 68 66 32 29 30 29 31 31 28 26 26 26 26 25 30 61 66 71 71 71 39 39 42 59 43 45 47 50 52 55 88 89 61 68 97 40 39 40 33 50 52 55 54 57 60 67 50 48 59 72 85 89 nan nan nan nan nan nan nan nan nan nan nan nan nan nan nan nan nan nan nan nan nan nan nan nan
23 7 7 19 19 19 20 7 22 53 32 35 36 36 34 51 47 36 68 68 65 12 32 33 28 42 31 30 30 31 28 26 24 25 53 59 64 71 72 73 42 40 37 43 43 44 47 49 49 53 87 61 67 65 71 96 70 64 64 29 49 32 51 52 51 52 51 51 51 53 76 nan nan nan nan nan nan nan nan nan nan nan nan nan nan nan nan nan nan nan nan nan nan nan nan nan
27 8 7 22 21 21 7 7 8 60 36 35 36 36 35 50 36 37 68 35 33 11 59 30 28 28 28 31 61 29 26 25 24 9 10 60 62 71 75 76 39 38 38 45 43 43 44 47 83 53 54 61 65 27 62 87 54 54 22 24 27 43 44 45 43 45 51 53 46 50 73 nan nan nan nan nan nan nan nan nan nan nan nan nan nan nan nan nan nan nan nan nan nan nan nan nan
31 28 49 46 22 22 22 23 26 10 34 35 35 36 31 33 31 33 62 60 31 30 30 29 27 26 25 26 26 28 26 26 25 27 10 59 65 70 77 40 40 43 44 44 45 45 77 79 53 52 84 87 25 56 56 51 45 46 52 23 25 39 38 42 39 41 37 47 45 51 67 nan nan nan nan nan nan nan nan nan nan nan nan nan nan nan nan nan nan nan nan nan nan nan nan nan
64 57 53 53 53 8 8 23 27 9 31 34 62 59 30 31 34 30 10 57 56 10 30 27 25 25 25 25 28 28 53 28 25 26 9 11 67 71 76 48 46 82 43 47 45 48 47 79 48 52 52 54 88 59 48 45 44 49 50 20 22 40 55 39 35 36 34 42 43 50 55 69 84 nan nan nan nan nan nan nan nan nan nan nan nan nan nan nan nan nan nan nan nan nan nan nan
60 64 59 27 28 52 9 27 24 24 9 55 27 56 55 27 57 28 10 10 29 29 30 9 8 23 23 24 25 28 30 10 26 26 10 11 65 37 78 84 84 49 44 41 42 51 49 48 19 50 51 52 79 58 55 46 14 43 46 46 32 35 64 82 19 31 38 25 41 46 55 57 76 nan nan nan nan nan nan nan nan nan nan nan nan nan nan nan nan nan nan nan nan nan nan nan
