run,juv_live_ct_isl_1,juv_live_ct_isl_2,juv_dead_ct_isl_1,juv_dead_ct_isl_2,new_adult_ct_isl_1,new_adult_ct_isl_2,philo_suc_ct_isl_1,philo_suc_ct_isl_2,philo_fail_ct_isl_1,philo_fail_ct_isl_2,emig-src-ct_isl_1,emig-src-ct_isl_2,emig_ct_isl_1,emig_ct_isl_2,emig_ct_leave_system,emig_att_isl_1,emig_att_isl_2,emig_att_leave_system,male_ct_isl_1,male_ct_isl_2,settled_ct_isl_1,settled_ct_isl_2,mating_ct_isl_1,mating_ct_isl_2,breed_suc_ct_isl_1,breed_suc_ct_isl_2,chick_pred_isl_1,chick_pred_isl_2,adult_mort_ct_isl_1,adult_mort_ct_isl_2,adult_pred_isl_1,adult_pred_isl_2,isl_collapse_ct_isl_1,isl_collapse_ct_isl_2,isl_att_isl_1,isl_att_isl_2,isl_att_leave_system,initialisation-data
13,0,0,0,0,0,0,0,0,0,0,0,0,0,0,0,0,0,0,0,4341,0,5799,0,4047,0,2532,0,0,0,201,0,0,0,0,6,6,89,/data/twoIsl_recolonisation/twoIsl_noPred_uncolonised.csv
13,0,174,0,250,0,428,0,403,0,25,0,0,0,0,0,0,0,0,0,4881,0,5998,0,4526,0,2589,0,0,0,206,0,0,0,0,6,6,89,/data/twoIsl_recolonisation/twoIsl_noPred_uncolonised.csv
13,0,28,0,365,0,883,0,827,0,56,0,0,0,0,0,0,0,0,6,5839,5,6570,5,5276,4,3294,0,0,1,260,0,0,0,0,0,56,44,/data/twoIsl_recolonisation/twoIsl_noPred_uncolonised.csv
13,0,259,1,250,1,1396,1,1311,0,85,0,3801,0,0,3801,0,0,100,6,3480,6,3951,5,2789,5,1798,0,0,0,179,0,0,0,0,0,56,44,/data/twoIsl_recolonisation/twoIsl_noPred_uncolonised.csv
13,0,160,0,136,1,1692,0,1588,1,104,0,635,0,0,635,0,0,100,6,4631,6,4732,5,3857,5,2628,0,0,0,225,0,0,0,0,0,56,44,/data/twoIsl_recolonisation/twoIsl_noPred_uncolonised.csv
13,0,163,0,279,3,2145,3,2031,0,114,5,1004,0,0,1009,0,0,100,4,5821,4,5546,3,5041,1,3439,0,0,0,275,0,0,0,0,0,56,44,/data/twoIsl_recolonisation/twoIsl_noPred_uncolonised.csv
13,0,161,0,435,4,2502,4,2361,0,141,1,1476,0,0,1477,0,0,100,7,6506,7,6206,5,5651,3,3006,0,0,0,300,0,0,0,0,0,56,44,/data/twoIsl_recolonisation/twoIsl_noPred_uncolonised.csv
13,0,156,0,350,1,2343,1,2221,0,122,0,1678,0,0,1678,0,0,100,8,6819,7,6524,5,5762,4,4090,0,0,1,295,0,0,0,0,0,56,44,/data/twoIsl_recolonisation/twoIsl_noPred_uncolonised.csv
13,0,205,1,470,3,2808,3,2658,0,150,2,2088,0,0,2090,0,0,100,8,7181,8,6861,8,6074,5,4608,0,0,0,320,0,0,0,0,0,56,44,/data/twoIsl_recolonisation/twoIsl_noPred_uncolonised.csv
13,2,319,0,433,3,3231,3,3068,0,163,4,2113,0,0,2117,0,0,100,7,7901,7,7563,5,6436,2,4385,0,0,0,338,0,0,0,0,0,56,44,/data/twoIsl_recolonisation/twoIsl_noPred_uncolonised.csv
13,0,5,0,727,2,3333,2,3166,0,167,1,2005,0,0,2006,0,0,100,8,8796,8,8464,7,6816,7,4463,0,0,0,332,0,0,0,0,0,56,44,/data/twoIsl_recolonisation/twoIsl_noPred_uncolonised.csv
13,0,284,0,453,7,3620,6,3425,1,195,3,2416,0,0,2419,0,0,100,11,9586,11,9245,6,7074,3,4807,0,0,0,341,0,0,0,0,0,56,44,/data/twoIsl_recolonisation/twoIsl_noPred_uncolonised.csv
13,0,308,0,504,5,3774,5,3570,0,204,3,2796,0,0,2799,0,0,100,13,10134,13,9748,7,7182,5,4610,0,0,0,386,0,0,0,0,0,56,44,/data/twoIsl_recolonisation/twoIsl_noPred_uncolonised.csv
13,0,30,0,728,5,3995,5,3786,0,209,2,2857,0,0,2859,0,0,100,16,10792,15,10442,9,7192,6,4430,0,0,1,350,0,0,0,0,0,56,44,/data/twoIsl_recolonisation/twoIsl_noPred_uncolonised.csv
13,0,232,0,487,5,4127,5,3907,0,220,5,3175,0,0,3180,0,0,100,15,11300,15,10955,10,7239,5,4606,0,0,0,345,0,0,0,0,0,56,44,/data/twoIsl_recolonisation/twoIsl_noPred_uncolonised.csv
13,0,348,1,427,3,3942,3,3743,0,199,5,3327,0,0,3332,0,0,100,13,11474,13,11072,9,7238,6,4770,0,0,0,402,0,0,0,0,0,56,44,/data/twoIsl_recolonisation/twoIsl_noPred_uncolonised.csv
13,0,201,0,563,3,4215,3,4003,0,212,5,3519,0,0,3524,0,0,100,11,11689,11,11294,4,7239,4,5229,0,0,0,395,0,0,0,0,0,56,44,/data/twoIsl_recolonisation/twoIsl_noPred_uncolonised.csv
13,0,346,0,559,4,4124,4,3912,0,212,5,3617,0,0,3622,0,0,100,10,11708,9,11327,7,7241,4,5130,0,0,1,381,0,0,0,0,0,56,44,/data/twoIsl_recolonisation/twoIsl_noPred_uncolonised.csv
13,0,392,0,482,9,4007,9,3791,0,216,3,3469,0,0,3472,0,0,100,15,11772,15,11397,9,7238,7,5247,0,0,0,375,0,0,0,0,0,56,44,/data/twoIsl_recolonisation/twoIsl_noPred_uncolonised.csv
13,0,458,0,422,2,4479,2,4255,0,224,2,3797,0,0,3799,0,0,100,15,11978,14,11630,4,7229,1,5604,0,0,1,348,0,0,0,0,0,56,44,/data/twoIsl_recolonisation/twoIsl_noPred_uncolonised.csv
13,0,459,1,450,3,4721,2,4498,1,223,3,3661,0,0,3664,0,0,100,13,12584,12,12222,7,7241,3,4818,0,0,1,362,0,0,0,0,0,56,44,/data/twoIsl_recolonisation/twoIsl_noPred_uncolonised.csv
13,0,230,0,586,7,4558,7,4347,0,211,8,3548,0,0,3556,0,0,100,11,13143,11,12779,7,7241,3,4802,0,0,0,364,0,0,0,0,0,56,44,/data/twoIsl_recolonisation/twoIsl_noPred_uncolonised.csv
13,0,318,0,487,1,4545,1,4322,0,223,2,4019,0,0,4021,0,0,100,10,13210,10,12841,5,7240,5,4915,0,0,0,369,0,0,0,0,0,56,44,/data/twoIsl_recolonisation/twoIsl_noPred_uncolonised.csv
13,1,383,0,425,5,4673,5,4427,0,246,2,4218,0,0,4220,0,0,100,13,13184,13,12786,10,7241,8,4803,0,0,0,398,0,0,0,0,0,56,44,/data/twoIsl_recolonisation/twoIsl_noPred_uncolonised.csv
13,0,336,4,472,1,4656,1,4415,0,241,7,4099,0,0,4106,0,0,100,7,13231,7,12839,4,7240,1,5252,0,0,0,392,0,0,0,0,0,56,44,/data/twoIsl_recolonisation/twoIsl_noPred_uncolonised.csv
13,0,287,0,574,4,4471,4,4249,0,222,1,4045,0,0,4046,0,0,100,10,13158,9,12765,6,7240,3,4397,0,0,1,393,0,0,0,0,0,56,44,/data/twoIsl_recolonisation/twoIsl_noPred_uncolonised.csv
13,0,308,1,448,1,4232,1,4018,0,214,5,4184,0,0,4189,0,0,100,5,12704,5,12323,4,7241,3,4872,0,0,0,381,0,0,0,0,0,56,44,/data/twoIsl_recolonisation/twoIsl_noPred_uncolonised.csv
13,0,123,0,687,2,4395,2,4145,0,250,1,4149,0,0,4150,0,0,100,6,12456,5,12095,5,7239,3,4648,0,0,1,361,0,0,0,0,0,56,44,/data/twoIsl_recolonisation/twoIsl_noPred_uncolonised.csv
13,0,145,0,619,7,4380,5,4130,2,250,2,3973,0,0,3975,0,0,100,8,12387,8,12010,5,7241,3,4356,0,0,0,377,0,0,0,0,0,56,44,/data/twoIsl_recolonisation/twoIsl_noPred_uncolonised.csv
13,0,212,0,529,3,4182,3,3992,0,190,1,3778,0,0,3779,0,0,100,10,12344,7,11973,8,7241,7,4993,0,0,3,371,0,0,0,0,0,56,44,/data/twoIsl_recolonisation/twoIsl_noPred_uncolonised.csv
13,0,391,0,435,5,4190,5,3980,0,210,2,3899,0,0,3901,0,0,100,10,12165,9,11740,6,7241,3,5020,0,0,1,425,0,0,0,0,0,56,44,/data/twoIsl_recolonisation/twoIsl_noPred_uncolonised.csv
13,0,428,0,441,3,4278,3,4056,0,222,4,3872,0,0,3876,0,0,100,8,12057,8,11679,6,7241,3,4677,0,0,0,378,0,0,0,0,0,56,44,/data/twoIsl_recolonisation/twoIsl_noPred_uncolonised.csv
13,0,197,1,591,1,4056,1,3859,0,197,1,3739,0,0,3740,0,0,100,8,11916,8,11545,6,7234,3,4680,0,0,0,371,0,0,0,0,0,56,44,/data/twoIsl_recolonisation/twoIsl_noPred_uncolonised.csv
13,0,403,1,396,5,4046,5,3856,0,190,4,3713,0,0,3717,0,0,100,9,11800,9,11436,7,7240,2,4189,0,0,0,364,0,0,0,0,0,56,44,/data/twoIsl_recolonisation/twoIsl_noPred_uncolonised.csv
13,0,206,0,567,3,4165,3,3963,0,202,3,3812,0,0,3815,0,0,100,9,11711,8,11357,6,7232,3,4487,0,0,1,354,0,0,0,0,0,56,44,/data/twoIsl_recolonisation/twoIsl_noPred_uncolonised.csv
13,0,365,0,388,1,4275,1,4068,0,207,1,3604,0,0,3605,0,0,100,8,11936,8,11549,5,7241,4,5079,0,0,0,387,0,0,0,0,0,56,44,/data/twoIsl_recolonisation/twoIsl_noPred_uncolonised.csv
13,0,314,0,487,4,4278,4,4061,0,217,4,3634,0,0,3638,0,0,100,8,12101,7,11736,7,7241,7,4297,0,0,1,365,0,0,0,0,0,56,44,/data/twoIsl_recolonisation/twoIsl_noPred_uncolonised.csv
13,1,249,0,472,3,3894,2,3710,1,184,3,3697,0,0,3700,0,0,100,6,11853,5,11533,5,7238,2,4077,0,0,1,320,0,0,0,0,0,56,44,/data/twoIsl_recolonisation/twoIsl_noPred_uncolonised.csv
13,0,120,1,566,0,4108,0,3904,0,204,0,3807,0,0,3807,0,0,100,5,11746,4,11351,4,7222,3,5352,0,0,1,395,0,0,0,0,0,56,44,/data/twoIsl_recolonisation/twoIsl_noPred_uncolonised.csv
13,0,362,0,474,7,4024,7,3845,0,179,2,3819,0,0,3821,0,0,100,9,11487,7,11141,7,7238,3,4572,0,0,2,346,0,0,0,0,0,56,44,/data/twoIsl_recolonisation/twoIsl_noPred_uncolonised.csv
13,0,0,0,766,5,4205,5,4002,0,203,2,3491,0,0,3493,0,0,100,10,11758,10,11393,4,7239,2,5144,0,0,0,365,0,0,0,0,0,56,44,/data/twoIsl_recolonisation/twoIsl_noPred_uncolonised.csv
13,0,262,0,627,2,4283,1,4066,1,217,0,3630,0,0,3630,0,0,100,11,11942,10,11561,6,7237,4,5167,0,0,1,381,0,0,0,0,0,56,44,/data/twoIsl_recolonisation/twoIsl_noPred_uncolonised.csv
13,1,400,0,472,4,4275,4,4054,0,221,4,3580,0,0,3584,0,0,100,10,12145,9,11803,10,7239,6,4281,0,0,1,342,0,0,0,0,0,56,44,/data/twoIsl_recolonisation/twoIsl_noPred_uncolonised.csv
13,1,222,0,513,1,4293,1,4085,0,208,4,3770,0,0,3774,0,0,100,6,12235,6,11853,2,7241,2,5179,0,0,0,382,0,0,0,0,0,56,44,/data/twoIsl_recolonisation/twoIsl_noPred_uncolonised.csv
13,1,373,0,533,6,4387,6,4173,0,214,1,3795,0,0,3796,0,0,100,11,12340,11,11955,5,7241,4,4486,0,0,0,385,0,0,0,0,0,56,44,/data/twoIsl_recolonisation/twoIsl_noPred_uncolonised.csv
13,0,344,0,370,4,4041,4,3845,0,196,4,3798,0,0,3802,0,0,100,11,12103,11,11709,4,7241,2,5043,0,0,0,394,0,0,0,0,0,56,44,/data/twoIsl_recolonisation/twoIsl_noPred_uncolonised.csv
13,0,357,0,468,2,4317,2,4084,0,233,1,3813,0,0,3814,0,0,100,12,12107,10,11655,8,7241,6,5421,0,0,2,452,0,0,0,0,0,56,44,/data/twoIsl_recolonisation/twoIsl_noPred_uncolonised.csv
13,1,252,1,688,1,4478,1,4269,0,209,5,3871,0,0,3876,0,0,100,6,12164,6,11791,4,7240,3,4979,0,0,0,373,0,0,0,0,0,56,44,/data/twoIsl_recolonisation/twoIsl_noPred_uncolonised.csv
13,0,282,0,606,3,4394,3,4175,0,219,3,3559,0,0,3562,0,0,100,6,12531,6,12140,4,7241,3,4530,0,0,0,391,0,0,0,0,0,56,44,/data/twoIsl_recolonisation/twoIsl_noPred_uncolonised.csv
13,0,226,1,528,7,4458,6,4246,1,212,2,3782,0,0,3784,0,0,100,10,12720,10,12340,8,7241,6,4898,0,0,0,380,0,0,0,0,0,56,44,/data/twoIsl_recolonisation/twoIsl_noPred_uncolonised.csv
13,0,255,1,619,3,4371,3,4098,0,273,1,3976,0,0,3977,0,0,100,12,12613,12,12222,6,7241,3,4389,0,0,0,391,0,0,0,0,0,56,44,/data/twoIsl_recolonisation/twoIsl_noPred_uncolonised.csv
13,1,231,0,471,3,4356,3,4143,0,213,3,3933,0,0,3936,0,0,100,12,12562,12,12166,9,7239,8,5471,0,0,0,396,0,0,0,0,0,56,44,/data/twoIsl_recolonisation/twoIsl_noPred_uncolonised.csv
13,1,483,0,415,3,4196,3,3980,0,216,6,3981,0,0,3987,0,0,100,9,12290,9,11915,7,7240,5,4820,0,0,0,375,0,0,0,0,0,56,44,/data/twoIsl_recolonisation/twoIsl_noPred_uncolonised.csv
13,1,255,0,542,4,4371,4,4157,0,214,3,3847,0,0,3850,0,0,100,10,12343,10,11959,6,7241,4,4779,0,0,0,384,0,0,0,0,0,56,44,/data/twoIsl_recolonisation/twoIsl_noPred_uncolonised.csv
13,0,531,0,284,4,4345,4,4110,0,235,3,3894,0,0,3897,0,0,100,11,12305,11,11907,7,7241,5,4883,0,0,0,398,0,0,0,0,0,56,44,/data/twoIsl_recolonisation/twoIsl_noPred_uncolonised.csv
13,1,382,0,451,6,4323,5,4093,1,230,3,3709,0,0,3712,0,0,100,13,12413,13,12024,10,7241,10,4547,0,0,0,389,0,0,0,0,0,56,44,/data/twoIsl_recolonisation/twoIsl_noPred_uncolonised.csv
13,2,241,0,465,7,4432,7,4209,0,223,4,3889,0,0,3893,0,0,100,16,12469,14,12099,6,7241,4,4951,0,0,2,370,0,0,0,0,0,56,44,/data/twoIsl_recolonisation/twoIsl_noPred_uncolonised.csv
13,0,452,0,348,6,4447,6,4252,0,195,4,3867,0,0,3871,0,0,100,16,12585,16,12201,13,7241,9,4644,0,0,0,384,0,0,0,0,0,56,44,/data/twoIsl_recolonisation/twoIsl_noPred_uncolonised.csv
13,1,357,3,460,5,4109,5,3897,0,212,4,3850,0,0,3854,0,0,100,17,12357,17,11982,12,7239,8,5146,0,0,0,375,0,0,0,0,0,56,44,/data/twoIsl_recolonisation/twoIsl_noPred_uncolonised.csv
13,0,429,0,432,4,4447,4,4232,0,215,6,3942,0,0,3948,0,0,100,15,12400,15,12033,12,7241,10,4535,0,0,0,367,0,0,0,0,0,56,44,/data/twoIsl_recolonisation/twoIsl_noPred_uncolonised.csv
13,0,218,2,532,6,4367,4,4157,2,210,6,3960,0,0,3966,0,0,100,13,12335,13,11929,9,7241,4,4622,0,0,0,406,0,0,0,0,0,56,44,/data/twoIsl_recolonisation/twoIsl_noPred_uncolonised.csv
13,0,308,1,445,12,4236,12,4022,0,214,5,3643,0,0,3648,0,0,100,20,12439,20,12090,14,7241,9,5234,0,0,0,349,0,0,0,0,0,56,44,/data/twoIsl_recolonisation/twoIsl_noPred_uncolonised.csv
13,0,324,1,553,9,4553,9,4338,0,215,4,3965,0,0,3969,0,0,100,25,12569,25,12159,15,7241,4,4651,0,0,0,410,0,0,0,0,0,56,44,/data/twoIsl_recolonisation/twoIsl_noPred_uncolonised.csv
13,0,418,0,352,3,4397,3,4165,0,232,4,3878,0,0,3882,0,0,100,24,12574,21,12209,18,7240,6,4886,0,0,3,365,0,0,0,0,0,56,44,/data/twoIsl_recolonisation/twoIsl_noPred_uncolonised.csv
13,0,261,2,578,7,4471,6,4216,1,255,11,3807,0,0,3818,0,0,100,16,12770,16,12370,11,7241,9,4623,0,0,0,400,0,0,0,0,0,56,44,/data/twoIsl_recolonisation/twoIsl_noPred_uncolonised.csv
13,1,174,0,624,4,4229,3,4025,1,204,8,4033,0,0,4041,0,0,100,11,12482,11,12150,6,7241,3,4430,0,0,0,332,0,0,0,0,0,56,44,/data/twoIsl_recolonisation/twoIsl_noPred_uncolonised.csv
13,1,242,0,516,5,4192,4,4014,1,178,2,3936,0,0,3938,0,0,100,13,12326,12,11929,7,7241,4,4684,0,0,1,397,0,0,0,0,0,56,44,/data/twoIsl_recolonisation/twoIsl_noPred_uncolonised.csv
13,1,170,1,578,3,4201,3,3993,0,208,5,3995,0,0,4000,0,0,100,10,12049,10,11694,9,7241,5,4810,0,0,0,355,0,0,0,0,0,56,44,/data/twoIsl_recolonisation/twoIsl_noPred_uncolonised.csv
13,1,381,0,406,5,4329,5,4121,0,208,3,3794,0,0,3797,0,0,100,12,12133,9,11735,10,7241,8,4853,0,0,3,398,0,0,0,0,0,56,44,/data/twoIsl_recolonisation/twoIsl_noPred_uncolonised.csv
13,0,410,1,343,3,4157,3,3949,0,208,4,3740,0,0,3744,0,0,100,8,12056,8,11653,8,7239,4,4507,0,0,0,403,0,0,0,0,0,56,44,/data/twoIsl_recolonisation/twoIsl_noPred_uncolonised.csv
13,2,232,0,486,5,4118,5,3917,0,201,1,3699,0,0,3700,0,0,100,12,11986,12,11597,6,7241,3,4730,0,0,0,389,0,0,0,0,0,56,44,/data/twoIsl_recolonisation/twoIsl_noPred_uncolonised.csv
13,0,222,0,543,9,4156,9,3939,0,217,4,3839,0,0,3843,0,0,100,17,11824,16,11433,13,7240,6,4953,0,0,1,391,0,0,0,0,0,56,44,/data/twoIsl_recolonisation/twoIsl_noPred_uncolonised.csv
13,0,370,0,460,4,4117,3,3913,1,204,3,3672,0,0,3675,0,0,100,16,11793,16,11395,12,7241,4,3637,0,0,0,398,0,0,0,0,0,56,44,/data/twoIsl_recolonisation/twoIsl_noPred_uncolonised.csv
13,1,227,1,412,3,4223,2,3992,1,231,5,3634,0,0,3639,0,0,100,13,11891,12,11547,8,7238,4,4374,0,0,1,344,0,0,0,0,0,56,44,/data/twoIsl_recolonisation/twoIsl_noPred_uncolonised.csv
13,0,311,0,369,4,4136,4,3927,0,209,8,3684,0,0,3692,0,0,100,8,11911,8,11534,7,7237,3,3358,0,0,0,377,0,0,0,0,0,56,44,/data/twoIsl_recolonisation/twoIsl_noPred_uncolonised.csv
13,1,234,0,333,5,3771,5,3591,0,180,2,3668,0,0,3670,0,0,100,11,11551,9,11156,7,7241,4,5626,0,0,2,395,0,0,0,0,0,56,44,/data/twoIsl_recolonisation/twoIsl_noPred_uncolonised.csv
13,1,210,0,706,3,3805,3,3599,0,206,2,3736,0,0,3738,0,0,100,10,11130,10,10734,5,7237,3,4658,0,0,0,396,0,0,0,0,0,56,44,/data/twoIsl_recolonisation/twoIsl_noPred_uncolonised.csv
13,0,249,0,547,2,3960,2,3736,0,224,3,3675,0,0,3678,0,0,100,9,10934,9,10586,7,7235,5,5167,0,0,0,348,0,0,0,0,0,56,44,/data/twoIsl_recolonisation/twoIsl_noPred_uncolonised.csv
13,0,444,0,434,5,4066,4,3847,1,219,4,3322,0,0,3326,0,0,100,9,11236,9,10902,8,7219,4,5012,0,0,0,334,0,0,0,0,0,56,44,/data/twoIsl_recolonisation/twoIsl_noPred_uncolonised.csv
13,0,156,0,654,3,4323,3,4087,0,236,3,3347,0,0,3350,0,0,100,9,11785,9,11405,9,7235,6,5169,0,0,0,380,0,0,0,0,0,56,44,/data/twoIsl_recolonisation/twoIsl_noPred_uncolonised.csv
13,0,410,1,405,5,4615,5,4408,0,207,2,3523,0,0,3525,0,0,100,12,12411,12,12037,6,7241,4,4914,0,0,0,374,0,0,0,0,0,56,44,/data/twoIsl_recolonisation/twoIsl_noPred_uncolonised.csv
13,1,377,1,399,8,4411,8,4176,0,235,4,3609,0,0,3613,0,0,100,16,12733,16,12379,12,7236,5,5142,0,0,0,354,0,0,0,0,0,56,44,/data/twoIsl_recolonisation/twoIsl_noPred_uncolonised.csv
13,0,43,2,853,5,4501,5,4272,0,229,3,3875,0,0,3878,0,0,100,18,12895,17,12540,17,7241,7,4714,0,0,1,355,0,0,0,0,0,56,44,/data/twoIsl_recolonisation/twoIsl_noPred_uncolonised.csv
13,0,138,3,650,1,4575,1,4317,0,258,5,4138,0,0,4143,0,0,100,13,12849,13,12467,9,7241,3,4117,0,0,0,382,0,0,0,0,0,56,44,/data/twoIsl_recolonisation/twoIsl_noPred_uncolonised.csv
13,0,265,0,441,4,4228,4,4000,0,228,7,3939,0,0,3946,0,0,100,10,12653,9,12169,7,7241,6,3921,0,0,1,484,0,0,0,0,0,56,44,/data/twoIsl_recolonisation/twoIsl_noPred_uncolonised.csv
13,0,81,1,570,2,4171,2,3940,0,231,4,3987,0,0,3991,0,0,100,7,12263,6,11931,5,7241,4,5249,0,0,1,332,0,0,0,0,0,56,44,/data/twoIsl_recolonisation/twoIsl_noPred_uncolonised.csv
13,0,306,0,595,3,4226,3,3986,0,240,1,4017,0,0,4018,0,0,100,8,12028,8,11643,7,7241,7,5457,0,0,0,385,0,0,0,0,0,56,44,/data/twoIsl_recolonisation/twoIsl_noPred_uncolonised.csv
13,0,233,1,643,5,3872,5,3666,0,206,3,3767,0,0,3770,0,0,100,10,11668,9,11320,5,7239,4,4097,0,0,1,348,0,0,0,0,0,56,44,/data/twoIsl_recolonisation/twoIsl_noPred_uncolonised.csv
13,0,312,1,370,7,3971,7,3750,0,221,2,3719,0,0,3721,0,0,100,14,11482,13,11097,8,7233,3,4985,0,0,1,385,0,0,0,0,0,56,44,/data/twoIsl_recolonisation/twoIsl_noPred_uncolonised.csv
13,0,209,0,631,3,4269,3,4068,0,201,3,3701,0,0,3704,0,0,100,13,11577,13,11150,9,7239,4,4751,0,0,0,427,0,0,0,0,0,56,44,/data/twoIsl_recolonisation/twoIsl_noPred_uncolonised.csv
13,0,89,1,700,1,4172,1,3982,0,190,4,3454,0,0,3458,0,0,100,10,11781,8,11331,8,7239,4,4858,0,0,2,450,0,0,0,0,0,56,44,/data/twoIsl_recolonisation/twoIsl_noPred_uncolonised.csv
13,0,202,2,579,4,4319,4,4097,0,222,4,3488,0,0,3492,0,0,100,8,12074,7,11684,7,7240,6,4614,0,0,1,390,0,0,0,0,0,56,44,/data/twoIsl_recolonisation/twoIsl_noPred_uncolonised.csv
13,2,195,0,569,4,4113,4,3896,0,217,3,3732,0,0,3735,0,0,100,8,11983,8,11586,7,7241,3,4713,0,0,0,397,0,0,0,0,0,56,44,/data/twoIsl_recolonisation/twoIsl_noPred_uncolonised.csv
13,0,358,0,455,3,4352,3,4140,0,212,1,3661,0,0,3662,0,0,100,10,12182,10,11785,6,7237,4,4465,0,0,0,397,0,0,0,0,0,56,44,/data/twoIsl_recolonisation/twoIsl_noPred_uncolonised.csv
13,1,503,0,283,2,4061,2,3858,0,203,3,3829,0,0,3832,0,0,100,9,11927,9,11505,8,7241,3,4958,0,0,0,422,0,0,0,0,0,56,44,/data/twoIsl_recolonisation/twoIsl_noPred_uncolonised.csv
13,0,184,0,619,3,4068,3,3864,0,204,4,3634,0,0,3638,0,0,100,8,11848,8,11456,4,7234,2,5067,0,0,0,392,0,0,0,0,0,56,44,/data/twoIsl_recolonisation/twoIsl_noPred_uncolonised.csv
13,0,59,0,792,5,4134,5,3946,0,188,3,3858,0,0,3861,0,0,100,10,11646,10,11217,5,7235,3,4211,0,0,0,429,0,0,0,0,0,56,44,/data/twoIsl_recolonisation/twoIsl_noPred_uncolonised.csv
13,0,147,0,552,4,4035,4,3820,0,215,2,3548,0,0,3550,0,0,100,12,11613,12,11242,9,7241,3,5165,0,0,0,371,0,0,0,0,0,56,44,/data/twoIsl_recolonisation/twoIsl_noPred_uncolonised.csv
13,0,295,1,556,1,4263,1,4039,0,224,3,3589,0,0,3592,0,0,100,10,11815,10,11455,7,7240,5,5336,0,0,0,360,0,0,0,0,0,56,44,/data/twoIsl_recolonisation/twoIsl_noPred_uncolonised.csv
13,0,391,3,481,3,4707,3,4487,0,220,5,3657,0,0,3662,0,0,100,8,12420,7,12030,7,7241,4,4981,0,0,1,390,0,0,0,0,0,56,44,/data/twoIsl_recolonisation/twoIsl_noPred_uncolonised.csv
13,0,308,1,526,5,4390,5,4152,0,238,3,3589,0,0,3592,0,0,100,9,12722,9,12337,5,7239,3,4797,0,0,0,385,0,0,0,0,0,56,44,/data/twoIsl_recolonisation/twoIsl_noPred_uncolonised.csv
13,1,184,0,583,1,4068,1,3886,0,182,1,3758,0,0,3759,0,0,100,9,12573,9,12202,6,7240,3,4700,0,0,0,371,0,0,0,0,0,56,44,/data/twoIsl_recolonisation/twoIsl_noPred_uncolonised.csv
13,1,0,0,765,4,4279,4,4070,0,209,3,4209,0,0,4212,0,0,100,10,12175,10,11767,6,7241,4,4396,0,0,0,408,0,0,0,0,0,56,44,/data/twoIsl_recolonisation/twoIsl_noPred_uncolonised.csv
13,1,135,0,604,0,4401,0,4200,0,201,5,3912,0,0,3917,0,0,100,5,12157,5,11825,2,7241,1,5355,0,0,0,332,0,0,0,0,0,56,44,/data/twoIsl_recolonisation/twoIsl_noPred_uncolonised.csv
13,0,190,1,664,4,4542,4,4316,0,226,1,3671,0,0,3672,0,0,100,8,12586,8,12236,5,7241,5,4906,0,0,0,350,0,0,0,0,0,56,44,/data/twoIsl_recolonisation/twoIsl_noPred_uncolonised.csv
13,0,111,0,689,3,4256,3,4021,0,235,4,3800,0,0,3804,0,0,100,7,12583,6,12224,4,7241,2,4853,0,0,1,359,0,0,0,0,0,56,44,/data/twoIsl_recolonisation/twoIsl_noPred_uncolonised.csv
13,1,311,0,478,4,4214,4,3994,0,220,0,3953,0,0,3953,0,0,100,10,12383,9,12042,9,7241,6,3871,0,0,1,341,0,0,0,0,0,56,44,/data/twoIsl_recolonisation/twoIsl_noPred_uncolonised.csv
13,0,137,0,469,3,3914,3,3737,0,177,3,4048,0,0,4051,0,0,100,9,11830,8,11420,6,7240,4,5382,0,0,1,410,0,0,0,0,0,56,44,/data/twoIsl_recolonisation/twoIsl_noPred_uncolonised.csv
13,1,309,0,586,4,4229,4,4025,0,204,2,3793,0,0,3795,0,0,100,10,11766,9,11379,9,7237,9,4267,0,0,1,387,0,0,0,0,0,56,44,/data/twoIsl_recolonisation/twoIsl_noPred_uncolonised.csv
13,1,249,0,435,6,4163,6,3979,0,184,4,3737,0,0,3741,0,0,100,11,11715,11,11342,10,7240,7,4364,0,0,0,373,0,0,0,0,0,56,44,/data/twoIsl_recolonisation/twoIsl_noPred_uncolonised.csv
13,1,355,0,357,7,3847,7,3636,0,211,1,3489,0,0,3490,0,0,100,17,11617,16,11257,9,7241,4,4603,0,0,1,360,0,0,0,0,0,56,44,/data/twoIsl_recolonisation/twoIsl_noPred_uncolonised.csv
13,0,182,0,628,7,4051,7,3866,0,185,4,3735,0,0,3739,0,0,100,19,11497,18,11089,14,7237,11,4767,0,0,1,408,0,0,0,0,0,56,44,/data/twoIsl_recolonisation/twoIsl_noPred_uncolonised.csv
13,1,362,1,461,7,3980,7,3790,0,190,6,3685,0,0,3691,0,0,100,19,11309,18,10965,14,7238,9,3487,0,0,1,344,0,0,0,0,0,56,44,/data/twoIsl_recolonisation/twoIsl_noPred_uncolonised.csv
13,2,244,2,350,4,3879,3,3690,1,189,5,3407,0,0,3412,0,0,100,16,11348,16,10952,8,7240,4,5683,0,0,0,396,0,0,0,0,0,56,44,/data/twoIsl_recolonisation/twoIsl_noPred_uncolonised.csv
13,0,177,0,774,5,4081,5,3880,0,201,6,3603,0,0,3609,0,0,100,15,11337,13,11013,7,7241,5,5291,0,0,2,324,0,0,0,0,0,56,44,/data/twoIsl_recolonisation/twoIsl_noPred_uncolonised.csv
13,1,335,0,491,4,4382,4,4170,0,212,5,3526,0,0,3531,0,0,100,12,11772,11,11391,10,7233,6,4964,0,0,1,381,0,0,0,0,0,56,44,/data/twoIsl_recolonisation/twoIsl_noPred_uncolonised.csv
13,0,240,1,577,9,4188,9,3967,0,221,3,3443,0,0,3446,0,0,100,17,12044,16,11699,8,7239,6,4782,0,0,1,345,0,0,0,0,0,56,44,/data/twoIsl_recolonisation/twoIsl_noPred_uncolonised.csv
13,0,368,0,451,6,4419,5,4198,1,221,5,3648,0,0,3653,0,0,100,16,12379,16,12000,11,7241,7,4409,0,0,0,379,0,0,0,0,0,56,44,/data/twoIsl_recolonisation/twoIsl_noPred_uncolonised.csv
13,0,196,0,554,6,4418,5,4180,1,238,2,3891,0,0,3893,0,0,100,19,12431,19,12038,15,7239,11,4240,0,0,0,393,0,0,0,0,0,56,44,/data/twoIsl_recolonisation/twoIsl_noPred_uncolonised.csv
13,1,204,0,532,2,4153,2,3954,0,199,9,3706,0,0,3715,0,0,100,12,12394,12,12003,7,7240,4,4677,0,0,0,391,0,0,0,0,0,56,44,/data/twoIsl_recolonisation/twoIsl_noPred_uncolonised.csv
13,0,165,1,594,11,4149,11,3967,0,182,5,3949,0,0,3954,0,0,100,18,12122,18,11737,12,7239,7,4531,0,0,0,385,0,0,0,0,0,56,44,/data/twoIsl_recolonisation/twoIsl_noPred_uncolonised.csv
13,0,329,0,434,8,4003,8,3791,0,212,5,3928,0,0,3933,0,0,100,21,11739,18,11354,12,7235,8,3857,0,0,3,385,0,0,0,0,0,56,44,/data/twoIsl_recolonisation/twoIsl_noPred_uncolonised.csv
13,1,256,1,401,6,4019,5,3785,1,234,1,3656,0,0,3657,0,0,100,22,11627,20,11214,13,7239,9,5031,0,0,2,413,0,0,0,0,0,56,44,/data/twoIsl_recolonisation/twoIsl_noPred_uncolonised.csv
13,0,215,1,573,6,3893,4,3679,2,214,10,3684,0,0,3694,0,0,100,14,11332,13,10978,9,7209,6,4465,0,0,1,354,0,0,0,0,0,56,44,/data/twoIsl_recolonisation/twoIsl_noPred_uncolonised.csv
13,0,455,1,233,4,3970,3,3801,1,169,6,3576,0,0,3582,0,0,100,10,11293,10,10911,6,7238,5,4918,0,0,0,382,0,0,0,0,0,56,44,/data/twoIsl_recolonisation/twoIsl_noPred_uncolonised.csv
13,0,382,1,465,9,3977,9,3783,0,194,3,3556,0,0,3559,0,0,100,16,11245,15,10893,12,7228,8,4596,0,0,1,352,0,0,0,0,0,56,44,/data/twoIsl_recolonisation/twoIsl_noPred_uncolonised.csv
13,0,197,4,596,3,4162,3,3979,0,183,4,3433,0,0,3437,0,0,100,14,11545,13,11170,8,7230,5,4265,0,0,1,375,0,0,0,0,0,56,44,/data/twoIsl_recolonisation/twoIsl_noPred_uncolonised.csv
13,1,172,0,529,7,4192,7,3973,0,219,3,3515,0,0,3518,0,0,100,17,11749,17,11397,11,7229,8,4634,0,0,0,352,0,0,0,0,0,56,44,/data/twoIsl_recolonisation/twoIsl_noPred_uncolonised.csv
13,0,292,0,467,2,4055,2,3859,0,196,7,3533,0,0,3540,0,0,100,12,11835,11,11427,10,7236,5,4192,0,0,1,408,0,0,0,0,0,56,44,/data/twoIsl_recolonisation/twoIsl_noPred_uncolonised.csv
13,0,330,1,347,5,4134,5,3946,0,188,3,3682,0,0,3685,0,0,100,13,11799,13,11427,8,7240,4,4567,0,0,0,372,0,0,0,0,0,56,44,/data/twoIsl_recolonisation/twoIsl_noPred_uncolonised.csv
13,0,0,1,749,5,4119,5,3908,0,211,7,3717,0,0,3724,0,0,100,11,11748,10,11371,9,7239,6,3919,0,0,1,377,0,0,0,0,0,56,44,/data/twoIsl_recolonisation/twoIsl_noPred_uncolonised.csv
13,0,139,0,529,12,3836,11,3654,1,182,0,3620,0,0,3620,0,0,100,21,11510,20,11118,12,7241,8,5327,0,0,1,392,0,0,0,0,0,56,44,/data/twoIsl_recolonisation/twoIsl_noPred_uncolonised.csv
13,1,626,1,227,5,3862,5,3663,0,199,5,3655,0,0,3660,0,0,100,20,11241,19,10908,14,7236,10,4600,0,0,1,333,0,0,0,0,0,56,44,/data/twoIsl_recolonisation/twoIsl_noPred_uncolonised.csv
13,1,357,1,408,4,4101,3,3883,1,218,5,3673,0,0,3678,0,0,100,17,11237,17,10820,13,7239,10,3937,0,0,0,417,0,0,0,0,0,56,44,/data/twoIsl_recolonisation/twoIsl_noPred_uncolonised.csv
13,0,89,2,588,6,4169,6,3956,0,213,9,3399,0,0,3408,0,0,100,14,11501,12,11104,11,7241,9,4067,0,0,2,397,0,0,0,0,0,56,44,/data/twoIsl_recolonisation/twoIsl_noPred_uncolonised.csv
13,1,155,1,537,4,3659,3,3483,1,176,5,3381,0,0,3386,0,0,100,10,11300,10,10913,9,7240,3,4158,0,0,0,387,0,0,0,0,0,56,44,/data/twoIsl_recolonisation/twoIsl_noPred_uncolonised.csv
13,0,214,1,435,8,3798,8,3614,0,184,3,3576,0,0,3579,0,0,100,15,11054,14,10666,7,7228,2,4162,0,0,1,388,0,0,0,0,0,56,44,/data/twoIsl_recolonisation/twoIsl_noPred_uncolonised.csv
13,0,263,0,412,6,4060,6,3887,0,173,4,3677,0,0,3681,0,0,100,16,10965,15,10540,12,7177,8,4215,0,0,1,425,0,0,0,0,0,56,44,/data/twoIsl_recolonisation/twoIsl_noPred_uncolonised.csv
13,1,284,2,420,6,3806,6,3634,0,172,2,3226,0,0,3228,0,0,100,19,11053,18,10700,14,7225,8,4495,0,0,1,353,0,0,0,0,0,56,44,/data/twoIsl_recolonisation/twoIsl_noPred_uncolonised.csv
13,1,115,0,601,5,3538,5,3356,0,182,7,3309,0,0,3316,0,0,100,16,10856,16,10454,11,7236,7,4214,0,0,0,402,0,0,0,0,0,56,44,/data/twoIsl_recolonisation/twoIsl_noPred_uncolonised.csv
13,2,17,1,686,7,3785,6,3574,1,211,6,3569,0,0,3575,0,0,100,16,10580,14,10222,10,7203,5,4991,0,0,2,358,0,0,0,0,0,56,44,/data/twoIsl_recolonisation/twoIsl_noPred_uncolonised.csv
13,0,279,0,584,4,3896,4,3687,0,209,4,3376,0,0,3380,0,0,100,14,10652,13,10278,11,7236,7,4544,0,0,1,374,0,0,0,0,0,56,44,/data/twoIsl_recolonisation/twoIsl_noPred_uncolonised.csv
13,2,216,0,536,5,3959,5,3749,0,210,4,3108,0,0,3112,0,0,100,14,11029,14,10640,8,7230,4,5112,0,0,0,389,0,0,0,0,0,56,44,/data/twoIsl_recolonisation/twoIsl_noPred_uncolonised.csv
13,1,213,0,633,5,4225,5,4000,0,225,5,3314,0,0,3319,0,0,100,14,11457,13,11060,4,7233,4,4847,0,0,1,397,0,0,0,0,0,56,44,/data/twoIsl_recolonisation/twoIsl_noPred_uncolonised.csv
13,0,293,0,559,5,4069,5,3888,0,181,3,3409,0,0,3412,0,0,100,15,11649,12,11265,11,7223,10,4771,0,0,3,384,0,0,0,0,0,56,44,/data/twoIsl_recolonisation/twoIsl_noPred_uncolonised.csv
13,0,358,1,440,6,3984,6,3796,0,188,3,3481,0,0,3484,0,0,100,15,11699,14,11329,8,7230,7,3782,0,0,1,370,0,0,0,0,0,56,44,/data/twoIsl_recolonisation/twoIsl_noPred_uncolonised.csv
13,1,336,0,303,8,4095,8,3891,0,204,4,3741,0,0,3745,0,0,100,18,11599,17,11227,13,7239,9,4197,0,0,1,372,0,0,0,0,0,56,44,/data/twoIsl_recolonisation/twoIsl_noPred_uncolonised.csv
13,0,191,2,497,8,4004,6,3781,2,223,5,3628,0,0,3633,0,0,100,18,11512,18,11175,14,7236,12,5567,0,0,0,337,0,0,0,0,0,56,44,/data/twoIsl_recolonisation/twoIsl_noPred_uncolonised.csv
13,1,412,0,511,12,4102,12,3872,0,230,5,3566,0,0,3571,0,0,100,25,11617,24,11262,18,7238,10,5023,0,0,1,355,0,0,0,0,0,56,44,/data/twoIsl_recolonisation/twoIsl_noPred_uncolonised.csv
13,2,209,2,614,3,4234,3,4029,0,205,7,3653,0,0,3660,0,0,100,20,11750,20,11319,12,7237,9,4002,0,0,0,431,0,0,0,0,0,56,44,/data/twoIsl_recolonisation/twoIsl_noPred_uncolonised.csv
13,1,331,2,347,4,4088,4,3879,0,209,6,3536,0,0,3542,0,0,100,18,11779,18,11409,13,7241,8,4866,0,0,0,370,0,0,0,0,0,56,44,/data/twoIsl_recolonisation/twoIsl_noPred_uncolonised.csv
13,0,456,1,357,6,4290,6,4060,0,230,11,3599,0,0,3610,0,0,100,13,12004,13,11630,10,7241,6,4529,0,0,0,374,0,0,0,0,0,56,44,/data/twoIsl_recolonisation/twoIsl_noPred_uncolonised.csv
13,0,372,0,412,10,4146,10,3950,0,196,3,3773,0,0,3776,0,0,100,20,11924,19,11584,8,7240,3,4614,0,0,1,340,0,0,0,0,0,56,44,/data/twoIsl_recolonisation/twoIsl_noPred_uncolonised.csv
13,0,439,0,335,11,4298,9,4065,2,233,4,3637,0,0,3641,0,0,100,24,12140,23,11759,19,7241,14,4549,0,0,1,381,0,0,0,0,0,56,44,/data/twoIsl_recolonisation/twoIsl_noPred_uncolonised.csv
13,2,262,0,454,8,3934,8,3719,0,215,6,3805,0,0,3811,0,0,100,25,11791,25,11382,17,7241,8,5240,0,0,0,409,0,0,0,0,0,56,44,/data/twoIsl_recolonisation/twoIsl_noPred_uncolonised.csv
13,0,361,0,493,7,4276,7,4067,0,209,8,3677,0,0,3685,0,0,100,24,11881,24,11485,15,7232,9,4563,0,0,0,396,0,0,0,0,0,56,44,/data/twoIsl_recolonisation/twoIsl_noPred_uncolonised.csv
13,2,234,0,535,9,4406,8,4180,1,226,9,3829,0,0,3838,0,0,100,23,11963,23,11576,17,7241,8,5059,0,0,0,387,0,0,0,0,0,56,44,/data/twoIsl_recolonisation/twoIsl_noPred_uncolonised.csv
13,0,378,2,492,7,4331,6,4107,1,224,8,3450,0,0,3458,0,0,100,21,12366,20,11979,14,7239,11,5300,0,0,1,387,0,0,0,0,0,56,44,/data/twoIsl_recolonisation/twoIsl_noPred_uncolonised.csv
13,0,181,2,730,4,4663,3,4426,1,237,7,3788,0,0,3795,0,0,100,16,12751,15,12405,10,7241,7,4379,0,0,1,346,0,0,0,0,0,56,44,/data/twoIsl_recolonisation/twoIsl_noPred_uncolonised.csv
13,1,321,1,410,6,4302,6,4096,0,206,7,3916,0,0,3923,0,0,100,14,12712,13,12328,7,7241,6,3746,0,0,1,384,0,0,0,0,0,56,44,/data/twoIsl_recolonisation/twoIsl_noPred_uncolonised.csv
13,0,119,0,525,10,4200,9,3998,1,202,5,3875,0,0,3880,0,0,100,17,12565,15,12181,9,7230,6,4270,0,0,2,384,0,0,0,0,0,56,44,/data/twoIsl_recolonisation/twoIsl_noPred_uncolonised.csv
13,0,415,0,292,8,4093,6,3891,2,202,3,4163,0,0,4166,0,0,100,18,12026,17,11667,10,7238,8,5214,0,0,1,359,0,0,0,0,0,56,44,/data/twoIsl_recolonisation/twoIsl_noPred_uncolonised.csv
13,0,158,1,736,12,4134,11,3913,1,221,5,3845,0,0,3850,0,0,100,23,11849,20,11454,14,7239,10,4716,0,0,3,395,0,0,0,0,0,56,44,/data/twoIsl_recolonisation/twoIsl_noPred_uncolonised.csv
13,0,298,1,512,5,3919,5,3723,0,196,4,3722,0,0,3726,0,0,100,21,11560,21,11168,13,7240,9,4963,0,0,0,392,0,0,0,0,0,56,44,/data/twoIsl_recolonisation/twoIsl_noPred_uncolonised.csv
13,0,175,1,658,4,4087,3,3891,1,196,6,3632,0,0,3638,0,0,100,18,11527,18,11113,12,7232,7,3989,0,0,0,414,0,0,0,0,0,56,44,/data/twoIsl_recolonisation/twoIsl_noPred_uncolonised.csv
13,0,340,0,353,7,3973,7,3780,0,193,10,3636,0,0,3646,0,0,100,15,11366,13,10980,10,7229,5,4656,0,0,2,386,0,0,0,0,0,56,44,/data/twoIsl_recolonisation/twoIsl_noPred_uncolonised.csv
13,2,105,0,710,4,4345,4,4114,0,231,5,3445,0,0,3450,0,0,100,12,11778,11,11356,8,7240,5,4221,0,0,1,422,0,0,0,0,0,56,44,/data/twoIsl_recolonisation/twoIsl_noPred_uncolonised.csv
13,0,365,0,352,11,3972,11,3798,0,174,3,3569,0,0,3572,0,0,100,19,11687,18,11322,8,7241,8,4678,0,0,0,366,0,0,0,0,0,56,44,/data/twoIsl_recolonisation/twoIsl_noPred_uncolonised.csv
13,1,98,1,698,5,3896,5,3688,0,208,3,3529,0,0,3532,0,0,100,20,11593,18,11246,12,7240,9,4307,0,0,2,347,0,0,0,0,0,56,44,/data/twoIsl_recolonisation/twoIsl_noPred_uncolonised.csv
13,1,186,2,559,6,3848,6,3665,0,183,4,3857,0,0,3861,0,0,100,20,11148,18,10743,12,7241,7,5280,0,0,2,405,0,0,0,0,0,56,44,/data/twoIsl_recolonisation/twoIsl_noPred_uncolonised.csv
13,1,438,0,440,5,4212,5,4011,0,201,9,3522,0,0,3531,0,0,100,14,11352,14,10957,8,7233,6,5228,0,0,0,395,0,0,0,0,0,56,44,/data/twoIsl_recolonisation/twoIsl_noPred_uncolonised.csv
13,0,211,0,684,7,4001,7,3793,0,208,4,3432,0,0,3436,0,0,100,17,11423,17,11052,8,7233,4,4386,0,0,0,371,0,0,0,0,0,56,44,/data/twoIsl_recolonisation/twoIsl_noPred_uncolonised.csv
13,0,395,0,336,9,4149,9,3958,0,191,5,3368,0,0,3373,0,0,100,21,11746,18,11384,16,7233,10,3949,0,0,3,362,0,0,0,0,0,56,44,/data/twoIsl_recolonisation/twoIsl_noPred_uncolonised.csv
13,0,450,1,299,5,3959,5,3765,0,194,5,3726,0,0,3731,0,0,100,18,11532,18,11174,12,7239,5,4581,0,0,0,358,0,0,0,0,0,56,44,/data/twoIsl_recolonisation/twoIsl_noPred_uncolonised.csv
13,0,357,2,379,7,4121,7,3897,0,224,6,3524,0,0,3530,0,0,100,19,11666,18,11296,12,7240,10,3984,0,0,1,370,0,0,0,0,0,56,44,/data/twoIsl_recolonisation/twoIsl_noPred_uncolonised.csv
13,0,210,2,464,12,4130,12,3935,0,195,7,3724,0,0,3731,0,0,100,23,11611,22,11244,20,7240,14,5142,0,0,1,367,0,0,0,0,0,56,44,/data/twoIsl_recolonisation/twoIsl_noPred_uncolonised.csv
13,1,220,0,628,5,3945,5,3747,0,198,3,3510,0,0,3513,0,0,100,24,11588,21,11240,17,7237,8,5145,0,0,3,348,0,0,0,0,0,56,44,/data/twoIsl_recolonisation/twoIsl_noPred_uncolonised.csv
13,0,415,0,394,7,4146,5,3913,2,233,7,3656,0,0,3663,0,0,100,19,11617,19,11252,12,7240,7,4909,0,0,0,365,0,0,0,0,0,56,44,/data/twoIsl_recolonisation/twoIsl_noPred_uncolonised.csv
13,0,117,0,684,10,4568,10,4321,0,247,10,3686,0,0,3696,0,0,100,19,12035,18,11670,7,7235,4,4998,0,0,1,365,0,0,0,0,0,56,44,/data/twoIsl_recolonisation/twoIsl_noPred_uncolonised.csv
13,0,164,0,633,6,4276,5,4048,1,228,4,3507,0,0,3511,0,0,100,19,12346,17,11956,13,7241,7,4484,0,0,2,390,0,0,0,0,0,56,44,/data/twoIsl_recolonisation/twoIsl_noPred_uncolonised.csv
13,0,118,2,585,6,4324,6,4127,0,197,4,3648,0,0,3652,0,0,100,19,12544,15,12112,15,7241,6,4679,0,0,4,432,0,0,0,0,0,56,44,/data/twoIsl_recolonisation/twoIsl_noPred_uncolonised.csv
13,0,231,1,526,10,4328,9,4108,1,220,7,4060,0,0,4067,0,0,100,17,12291,16,11918,12,7239,8,5087,0,0,1,373,0,0,0,0,0,56,44,/data/twoIsl_recolonisation/twoIsl_noPred_uncolonised.csv
13,0,376,0,447,8,4418,8,4196,0,222,5,3770,0,0,3775,0,0,100,19,12477,19,12192,13,7241,9,4484,0,0,0,285,0,0,0,0,0,56,44,/data/twoIsl_recolonisation/twoIsl_noPred_uncolonised.csv
13,1,296,1,444,8,4063,7,3872,1,191,3,3867,0,0,3870,0,0,100,23,12308,22,11965,14,7241,7,4706,0,0,1,343,0,0,0,0,0,56,44,/data/twoIsl_recolonisation/twoIsl_noPred_uncolonised.csv
13,0,255,1,564,4,4126,4,3933,0,193,8,3907,0,0,3915,0,0,100,18,12110,15,11747,14,7233,6,5175,0,0,3,363,0,0,0,0,0,56,44,/data/twoIsl_recolonisation/twoIsl_noPred_uncolonised.csv
13,0,347,1,491,3,4211,3,4015,0,196,7,4003,0,0,4010,0,0,100,11,11871,10,11476,7,7235,4,5457,0,0,1,395,0,0,0,0,0,56,44,/data/twoIsl_recolonisation/twoIsl_noPred_uncolonised.csv
13,0,505,0,389,3,4284,3,4051,0,233,4,3613,0,0,3617,0,0,100,9,12055,8,11650,6,7237,3,4363,0,0,1,405,0,0,0,0,0,56,44,/data/twoIsl_recolonisation/twoIsl_noPred_uncolonised.csv
13,0,182,0,574,8,4378,7,4146,1,232,2,3676,0,0,3678,0,0,100,13,12248,10,11916,8,7239,6,4039,0,0,3,332,0,0,0,0,0,56,44,/data/twoIsl_recolonisation/twoIsl_noPred_uncolonised.csv
13,0,415,0,271,5,4249,5,4058,0,191,1,3737,0,0,3738,0,0,100,14,12340,13,11996,8,7241,5,4737,0,0,1,344,0,0,0,0,0,56,44,/data/twoIsl_recolonisation/twoIsl_noPred_uncolonised.csv
13,0,296,1,487,3,4265,3,4060,0,205,2,3858,0,0,3860,0,0,100,14,12323,13,11915,11,7240,8,4524,0,0,1,408,0,0,0,0,0,56,44,/data/twoIsl_recolonisation/twoIsl_noPred_uncolonised.csv
13,1,423,0,331,2,4238,2,4029,0,209,5,3909,0,0,3914,0,0,100,10,12149,10,11814,6,7237,3,4221,0,0,0,335,0,0,0,0,0,56,44,/data/twoIsl_recolonisation/twoIsl_noPred_uncolonised.csv
13,0,113,1,577,6,4253,6,4061,0,192,5,3797,0,0,3802,0,0,100,11,12174,11,11775,4,7239,2,3841,0,0,0,399,0,0,0,0,0,56,44,/data/twoIsl_recolonisation/twoIsl_noPred_uncolonised.csv
13,0,203,0,466,7,3672,7,3513,0,159,3,3816,0,0,3819,0,0,100,15,11559,13,11176,13,7237,9,4755,0,0,2,383,0,0,0,0,0,56,44,/data/twoIsl_recolonisation/twoIsl_noPred_uncolonised.csv
13,0,149,1,627,3,4030,3,3836,0,194,2,3748,0,0,3750,0,0,100,14,11376,13,10988,6,7236,4,4790,0,0,1,388,0,0,0,0,0,56,44,/data/twoIsl_recolonisation/twoIsl_noPred_uncolonised.csv
13,0,114,0,698,5,4057,5,3841,0,216,4,3769,0,0,3773,0,0,100,14,11185,13,10784,10,7237,4,4576,0,0,1,401,0,0,0,0,0,56,44,/data/twoIsl_recolonisation/twoIsl_noPred_uncolonised.csv
13,0,144,0,656,3,4050,3,3842,0,208,6,3231,0,0,3237,0,0,100,10,11521,10,11163,8,7238,6,4637,0,0,0,358,0,0,0,0,0,56,44,/data/twoIsl_recolonisation/twoIsl_noPred_uncolonised.csv
13,0,141,0,610,2,3834,1,3662,1,172,2,3550,0,0,3552,0,0,100,9,11377,9,10983,6,7238,2,5115,0,0,0,394,0,0,0,0,0,56,44,/data/twoIsl_recolonisation/twoIsl_noPred_uncolonised.csv
13,0,443,0,447,11,4182,10,4004,1,178,5,3579,0,0,3584,0,0,100,14,11514,13,11141,10,7231,5,4532,0,0,1,373,0,0,0,0,0,56,44,/data/twoIsl_recolonisation/twoIsl_noPred_uncolonised.csv
13,0,348,1,409,5,4082,5,3872,0,210,3,3602,0,0,3605,0,0,100,15,11516,15,11130,8,7238,7,5830,0,0,0,386,0,0,0,0,0,56,44,/data/twoIsl_recolonisation/twoIsl_noPred_uncolonised.csv
13,1,280,0,697,6,4196,6,3995,0,201,1,3381,0,0,3382,0,0,100,20,11865,18,11479,15,7241,11,4974,0,0,2,386,0,0,0,0,0,56,44,/data/twoIsl_recolonisation/twoIsl_noPred_uncolonised.csv
13,1,386,0,417,5,4356,5,4112,0,244,9,3721,0,0,3730,0,0,100,14,12014,14,11598,10,7241,7,3984,0,0,0,416,0,0,0,0,0,56,44,/data/twoIsl_recolonisation/twoIsl_noPred_uncolonised.csv
13,0,301,0,380,6,4215,5,4021,1,194,3,3591,0,0,3594,0,0,100,16,12145,16,11766,12,7241,10,3647,0,0,0,379,0,0,0,0,0,56,44,/data/twoIsl_recolonisation/twoIsl_noPred_uncolonised.csv
13,0,190,0,431,4,4208,4,4009,0,199,6,3710,0,0,3716,0,0,100,14,12174,14,11781,10,7241,7,4965,0,0,0,393,0,0,0,0,0,56,44,/data/twoIsl_recolonisation/twoIsl_noPred_uncolonised.csv
13,1,88,0,763,4,4328,4,4107,0,221,5,3850,0,0,3855,0,0,100,13,12171,10,11758,13,7240,8,5151,0,0,3,413,0,0,0,0,0,56,44,/data/twoIsl_recolonisation/twoIsl_noPred_uncolonised.csv
13,0,457,1,394,13,4010,12,3819,1,191,3,3747,0,0,3750,0,0,100,19,11934,19,11557,12,7241,11,4894,0,0,0,377,0,0,0,0,0,56,44,/data/twoIsl_recolonisation/twoIsl_noPred_uncolonised.csv
13,1,150,2,687,5,4195,4,3993,1,202,4,3731,0,0,3735,0,0,100,19,11936,19,11587,14,7234,9,4703,0,0,0,349,0,0,0,0,0,56,44,/data/twoIsl_recolonisation/twoIsl_noPred_uncolonised.csv
13,0,0,3,814,6,4110,5,3886,1,224,3,3838,0,0,3841,0,0,100,21,11761,21,11365,19,7240,10,4941,0,0,0,396,0,0,0,0,0,56,44,/data/twoIsl_recolonisation/twoIsl_noPred_uncolonised.csv
13,1,14,1,847,12,4299,11,4072,1,227,12,3565,0,0,3577,0,0,100,20,12003,20,11636,13,7239,7,4411,0,0,0,367,0,0,0,0,0,56,44,/data/twoIsl_recolonisation/twoIsl_noPred_uncolonised.csv
13,1,363,1,359,9,4040,8,3851,1,189,4,3741,0,0,3745,0,0,100,24,11850,23,11480,15,7241,11,4296,0,0,1,370,0,0,0,0,0,56,44,/data/twoIsl_recolonisation/twoIsl_noPred_uncolonised.csv
13,1,285,2,434,2,4353,2,4152,0,201,4,3629,0,0,3633,0,0,100,21,12124,19,11737,15,7240,9,5581,0,0,2,387,0,0,0,0,0,56,44,/data/twoIsl_recolonisation/twoIsl_noPred_uncolonised.csv
13,0,249,2,695,8,4210,8,4013,0,197,9,3814,0,0,3823,0,0,100,18,12053,17,11682,10,7235,8,4844,0,0,1,371,0,0,0,0,0,56,44,/data/twoIsl_recolonisation/twoIsl_noPred_uncolonised.csv
13,0,177,4,636,9,3951,9,3764,0,187,7,3611,0,0,3618,0,0,100,19,11948,18,11578,12,7240,9,4069,0,0,1,370,0,0,0,0,0,56,44,/data/twoIsl_recolonisation/twoIsl_noPred_uncolonised.csv
13,3,156,0,521,8,3890,8,3695,0,195,2,3904,0,0,3906,0,0,100,24,11469,23,11123,15,7239,10,3724,0,0,1,346,0,0,0,0,0,56,44,/data/twoIsl_recolonisation/twoIsl_noPred_uncolonised.csv
13,0,156,1,433,8,4036,8,3842,0,194,6,3745,0,0,3751,0,0,100,25,11331,25,10974,14,7241,8,3767,0,0,0,357,0,0,0,0,0,56,44,/data/twoIsl_recolonisation/twoIsl_noPred_uncolonised.csv
13,3,158,1,460,7,3929,7,3725,0,204,9,3543,0,0,3552,0,0,100,23,11275,22,10896,19,7238,12,4337,0,0,1,379,0,0,0,0,0,56,44,/data/twoIsl_recolonisation/twoIsl_noPred_uncolonised.csv
13,0,317,0,364,3,3805,3,3620,0,185,8,3439,0,0,3447,0,0,100,17,11190,16,10836,12,7221,10,4571,0,0,1,354,0,0,0,0,0,56,44,/data/twoIsl_recolonisation/twoIsl_noPred_uncolonised.csv
13,0,284,1,546,6,3605,6,3425,0,180,8,3550,0,0,3558,0,0,100,14,10808,14,10419,11,7239,10,5282,0,0,0,389,0,0,0,0,0,56,44,/data/twoIsl_recolonisation/twoIsl_noPred_uncolonised.csv
13,3,627,2,277,12,3784,12,3604,0,180,6,3482,0,0,3488,0,0,100,20,10648,19,10308,14,7212,11,4631,0,0,1,340,0,0,0,0,0,56,44,/data/twoIsl_recolonisation/twoIsl_noPred_uncolonised.csv
13,1,195,1,589,16,3873,16,3681,0,192,2,3373,0,0,3375,0,0,100,33,10717,32,10290,21,7231,13,4134,0,0,1,427,0,0,0,0,0,56,44,/data/twoIsl_recolonisation/twoIsl_noPred_uncolonised.csv
13,1,385,0,272,13,3893,13,3719,0,174,5,3165,0,0,3170,0,0,100,40,10939,39,10572,22,7213,18,5423,0,0,1,367,0,0,0,0,0,56,44,/data/twoIsl_recolonisation/twoIsl_noPred_uncolonised.csv
13,1,198,2,705,8,4361,6,4141,2,220,11,3330,0,0,3341,0,0,100,34,11501,32,11116,23,7234,12,4451,0,0,2,385,0,0,0,0,0,56,44,/data/twoIsl_recolonisation/twoIsl_noPred_uncolonised.csv
13,0,117,1,628,9,4364,9,4138,0,226,15,3373,0,0,3388,0,0,100,26,12010,24,11634,17,7241,9,5079,0,0,2,376,0,0,0,0,0,56,44,/data/twoIsl_recolonisation/twoIsl_noPred_uncolonised.csv
13,0,420,2,445,13,4623,12,4387,1,236,11,3467,0,0,3478,0,0,100,25,12690,24,12285,18,7241,10,4519,0,0,1,405,0,0,0,0,0,56,44,/data/twoIsl_recolonisation/twoIsl_noPred_uncolonised.csv
13,2,133,0,577,12,4145,10,3944,2,201,4,3826,0,0,3830,0,0,100,30,12516,29,12102,20,7241,8,4928,0,0,1,414,0,0,0,0,0,56,44,/data/twoIsl_recolonisation/twoIsl_noPred_uncolonised.csv
13,0,311,2,530,12,4371,10,4163,2,208,8,3865,0,0,3873,0,0,100,31,12522,31,12132,22,7241,17,4227,0,0,0,390,0,0,0,0,0,56,44,/data/twoIsl_recolonisation/twoIsl_noPred_uncolonised.csv
13,0,360,3,349,7,4145,7,3938,0,207,12,4126,0,0,4138,0,0,100,26,12054,24,11688,21,7239,13,4411,0,0,2,366,0,0,0,0,0,56,44,/data/twoIsl_recolonisation/twoIsl_noPred_uncolonised.csv
13,1,79,3,651,9,3914,8,3753,1,161,9,3663,0,0,3672,0,0,100,23,11865,22,11468,17,7240,7,4127,0,0,1,397,0,0,0,0,0,56,44,/data/twoIsl_recolonisation/twoIsl_noPred_uncolonised.csv
13,2,192,1,478,10,4215,10,4013,0,202,9,3900,0,0,3909,0,0,100,23,11690,23,11317,16,7236,15,4095,0,0,0,373,0,0,0,0,0,56,44,/data/twoIsl_recolonisation/twoIsl_noPred_uncolonised.csv
13,1,192,2,502,9,3823,9,3623,0,200,5,3687,0,0,3692,0,0,100,27,11362,25,10959,18,7226,10,5470,0,0,2,403,0,0,0,0,0,56,44,/data/twoIsl_recolonisation/twoIsl_noPred_uncolonised.csv
13,0,302,2,578,9,4002,9,3776,0,226,8,3455,0,0,3463,0,0,100,26,11398,26,11001,14,7240,8,3921,0,0,0,397,0,0,0,0,0,56,44,/data/twoIsl_recolonisation/twoIsl_noPred_uncolonised.csv
13,0,335,1,323,11,4036,10,3832,1,204,8,3712,0,0,3720,0,0,100,28,11222,27,10841,19,7236,14,4229,0,0,1,381,0,0,0,0,0,56,44,/data/twoIsl_recolonisation/twoIsl_noPred_uncolonised.csv
13,0,293,0,413,12,3696,12,3514,0,182,9,3361,0,0,3370,0,0,100,30,11108,27,10769,15,7231,9,4036,0,0,3,339,0,0,0,0,0,56,44,/data/twoIsl_recolonisation/twoIsl_noPred_uncolonised.csv
13,1,265,1,427,12,3730,12,3543,0,187,7,3509,0,0,3516,0,0,100,32,10911,31,10567,21,7234,11,4516,0,0,1,344,0,0,0,0,0,56,44,/data/twoIsl_recolonisation/twoIsl_noPred_uncolonised.csv
13,2,173,1,612,5,3949,5,3724,0,225,9,3579,0,0,3588,0,0,100,27,10850,25,10505,16,7224,14,4042,0,0,2,345,0,0,0,0,0,56,44,/data/twoIsl_recolonisation/twoIsl_noPred_uncolonised.csv
13,0,265,2,400,12,3822,11,3648,1,174,9,3315,0,0,3324,0,0,100,27,10933,24,10565,21,7218,11,4806,0,0,3,368,0,0,0,0,0,56,44,/data/twoIsl_recolonisation/twoIsl_noPred_uncolonised.csv
13,1,223,1,562,9,3784,8,3591,1,193,10,3285,0,0,3295,0,0,100,22,10980,22,10616,19,7240,16,4609,0,0,0,364,0,0,0,0,0,56,44,/data/twoIsl_recolonisation/twoIsl_noPred_uncolonised.csv
13,0,303,0,441,9,3999,9,3801,0,198,4,3496,0,0,3500,0,0,100,27,11032,26,10666,19,7204,14,5704,0,0,1,366,0,0,0,0,0,56,44,/data/twoIsl_recolonisation/twoIsl_noPred_uncolonised.csv
13,1,440,2,571,11,4191,11,4013,0,178,10,3376,0,0,3386,0,0,100,27,11395,26,11005,21,7221,17,4611,0,0,1,390,0,0,0,0,0,56,44,/data/twoIsl_recolonisation/twoIsl_noPred_uncolonised.csv
13,0,213,1,579,18,4044,18,3840,0,204,8,3325,0,0,3333,0,0,100,36,11629,30,11243,25,7241,19,4792,0,0,6,386,0,0,0,0,0,56,44,/data/twoIsl_recolonisation/twoIsl_noPred_uncolonised.csv
13,3,290,3,530,16,4349,14,4106,2,243,6,3527,0,0,3533,0,0,100,38,11949,35,11516,26,7241,20,5093,0,0,3,433,0,0,0,0,0,56,44,/data/twoIsl_recolonisation/twoIsl_noPred_uncolonised.csv
13,2,306,2,557,13,4423,13,4234,0,189,8,3694,0,0,3702,0,0,100,40,12159,36,11805,26,7241,15,4893,0,0,4,354,0,0,0,0,0,56,44,/data/twoIsl_recolonisation/twoIsl_noPred_uncolonised.csv
13,0,206,2,609,18,4444,18,4212,0,232,13,3547,0,0,3560,0,0,100,41,12593,39,12169,30,7241,11,4859,0,0,2,424,0,0,0,0,0,56,44,/data/twoIsl_recolonisation/twoIsl_noPred_uncolonised.csv
13,0,168,0,593,8,4515,8,4278,0,237,10,3840,0,0,3850,0,0,100,37,12757,35,12375,22,7241,18,3949,0,0,2,382,0,0,0,0,0,56,44,/data/twoIsl_recolonisation/twoIsl_noPred_uncolonised.csv
13,0,318,3,338,9,4174,9,3957,0,217,11,3936,0,0,3947,0,0,100,33,12512,33,12102,23,7241,13,4619,0,0,0,410,0,0,0,0,0,56,44,/data/twoIsl_recolonisation/twoIsl_noPred_uncolonised.csv
13,0,141,1,612,17,4181,16,3998,1,183,16,3949,0,0,3965,0,0,100,33,12258,31,11871,22,7239,15,5230,0,0,2,387,0,0,0,0,0,56,44,/data/twoIsl_recolonisation/twoIsl_noPred_uncolonised.csv
13,1,340,2,489,19,4219,16,4007,3,212,8,4017,0,0,4025,0,0,100,39,11977,38,11550,27,7224,16,4990,0,0,1,427,0,0,0,0,0,56,44,/data/twoIsl_recolonisation/twoIsl_noPred_uncolonised.csv
13,1,180,1,662,13,4180,12,3956,1,224,9,3682,0,0,3691,0,0,100,41,11955,39,11528,23,7239,15,3678,0,0,2,427,0,0,0,0,0,56,44,/data/twoIsl_recolonisation/twoIsl_noPred_uncolonised.csv
13,1,135,1,482,13,3918,13,3716,0,202,13,3683,0,0,3696,0,0,100,39,11683,37,11330,28,7239,23,4517,0,0,2,353,0,0,0,0,0,56,44,/data/twoIsl_recolonisation/twoIsl_noPred_uncolonised.csv
13,3,371,3,416,15,4143,14,3943,1,200,14,3723,0,0,3737,0,0,100,37,11674,34,11302,26,7232,15,5012,0,0,3,372,0,0,0,0,0,56,44,/data/twoIsl_recolonisation/twoIsl_noPred_uncolonised.csv
13,0,438,0,389,9,4068,9,3886,0,182,11,3697,0,0,3708,0,0,100,32,11580,32,11135,23,7240,20,4315,0,0,0,445,0,0,0,0,0,56,44,/data/twoIsl_recolonisation/twoIsl_noPred_uncolonised.csv
13,0,326,1,363,18,4017,18,3816,0,201,9,3466,0,0,3475,0,0,100,41,11573,36,11217,24,7235,15,4932,0,0,5,356,0,0,0,0,0,56,44,/data/twoIsl_recolonisation/twoIsl_noPred_uncolonised.csv
13,1,297,2,496,21,3984,21,3775,0,209,13,3682,0,0,3695,0,0,100,44,11419,42,10987,34,7241,21,3980,0,0,2,432,0,0,0,0,0,56,44,/data/twoIsl_recolonisation/twoIsl_noPred_uncolonised.csv
13,1,90,3,567,16,3982,16,3711,0,271,7,3547,0,0,3554,0,0,100,51,11301,51,10888,33,7236,21,4461,0,0,0,413,0,0,0,0,0,56,44,/data/twoIsl_recolonisation/twoIsl_noPred_uncolonised.csv
13,1,313,1,410,20,4223,20,4009,0,214,15,3518,0,0,3533,0,0,100,56,11497,52,11088,43,7233,28,5400,0,0,4,409,0,0,0,0,0,56,44,/data/twoIsl_recolonisation/twoIsl_noPred_uncolonised.csv
13,1,361,5,507,18,4328,16,4106,2,222,16,3461,0,0,3477,0,0,100,52,11851,49,11450,38,7239,23,3611,0,0,3,401,0,0,0,0,0,56,44,/data/twoIsl_recolonisation/twoIsl_noPred_uncolonised.csv
13,2,228,2,403,21,3968,21,3759,0,209,13,3441,0,0,3454,0,0,100,57,11892,55,11474,40,7241,25,4055,0,0,2,418,0,0,0,0,0,56,44,/data/twoIsl_recolonisation/twoIsl_noPred_uncolonised.csv
13,3,387,2,270,24,3867,24,3662,0,205,20,3717,0,0,3737,0,0,100,59,11525,55,11152,41,7239,29,4928,0,0,4,373,0,0,0,0,0,56,44,/data/twoIsl_recolonisation/twoIsl_noPred_uncolonised.csv
13,0,131,8,673,11,3926,10,3740,1,186,14,3834,0,0,3848,0,0,100,51,11163,50,10752,37,7205,24,5846,0,0,1,411,0,0,0,0,0,56,44,/data/twoIsl_recolonisation/twoIsl_noPred_uncolonised.csv
13,1,300,3,728,27,4288,27,4064,0,224,20,3476,0,0,3496,0,0,100,57,11483,57,11145,40,7240,21,3738,0,0,0,338,0,0,0,0,0,56,44,/data/twoIsl_recolonisation/twoIsl_noPred_uncolonised.csv
13,0,154,5,482,14,4046,14,3865,0,181,20,3416,0,0,3436,0,0,100,51,11698,49,11312,28,7237,20,4265,0,0,2,386,0,0,0,0,0,56,44,/data/twoIsl_recolonisation/twoIsl_noPred_uncolonised.csv
13,0,270,2,468,28,4030,28,3843,0,187,10,3464,0,0,3474,0,0,100,67,11799,64,11409,42,7241,27,4605,0,0,3,390,0,0,0,0,0,56,44,/data/twoIsl_recolonisation/twoIsl_noPred_uncolonised.csv
13,2,477,1,287,24,4235,23,4035,1,200,24,3818,0,0,3842,0,0,100,63,11724,58,11337,48,7232,26,4678,0,0,5,387,0,0,0,0,0,56,44,/data/twoIsl_recolonisation/twoIsl_noPred_uncolonised.csv
13,2,374,3,408,17,3905,15,3713,2,192,13,3573,0,0,3586,0,0,100,60,11583,55,11175,42,7230,29,5428,0,0,5,408,0,0,0,0,0,56,44,/data/twoIsl_recolonisation/twoIsl_noPred_uncolonised.csv
13,1,79,1,842,25,4097,25,3886,0,211,20,3571,0,0,3591,0,0,100,60,11611,56,11236,43,7229,24,4658,0,0,4,375,0,0,0,0,0,56,44,/data/twoIsl_recolonisation/twoIsl_noPred_uncolonised.csv
13,0,318,1,453,13,4153,11,3934,2,219,21,3709,0,0,3730,0,0,100,46,11572,42,11167,29,7224,19,5068,0,0,4,405,0,0,0,0,0,56,44,/data/twoIsl_recolonisation/twoIsl_noPred_uncolonised.csv
13,2,396,0,433,32,4307,30,4091,2,216,12,3438,0,0,3450,0,0,100,60,11940,58,11588,45,7239,31,5137,0,0,2,352,0,0,0,0,0,56,44,/data/twoIsl_recolonisation/twoIsl_noPred_uncolonised.csv
13,3,206,2,663,23,4605,22,4383,1,222,20,3632,0,0,3652,0,0,100,60,12472,58,12066,36,7241,30,4694,0,0,2,406,0,0,0,0,0,56,44,/data/twoIsl_recolonisation/twoIsl_noPred_uncolonised.csv
13,1,212,4,540,35,4580,34,4357,1,223,10,3667,0,0,3677,0,0,100,82,12873,81,12479,54,7240,38,5224,0,0,1,394,0,0,0,0,0,56,44,/data/twoIsl_recolonisation/twoIsl_noPred_uncolonised.csv
13,0,374,3,500,21,4182,19,3974,2,208,27,3814,0,0,3841,0,0,100,73,12768,72,12373,53,7237,33,4522,0,0,1,395,0,0,0,0,0,56,44,/data/twoIsl_recolonisation/twoIsl_noPred_uncolonised.csv
13,1,281,5,471,18,4436,18,4196,0,240,21,4112,0,0,4133,0,0,100,69,12583,63,12202,45,7237,31,5133,0,0,6,381,0,0,0,0,0,56,44,/data/twoIsl_recolonisation/twoIsl_noPred_uncolonised.csv
13,0,304,3,531,29,4453,26,4241,3,212,28,4105,0,0,4133,0,0,100,61,12470,61,12098,41,7240,33,3906,0,0,0,372,0,0,0,0,0,56,44,/data/twoIsl_recolonisation/twoIsl_noPred_uncolonised.csv
13,2,165,1,460,36,4114,35,3924,1,190,18,3734,0,0,3752,0,0,100,78,12405,74,12078,54,7240,24,4187,0,0,6,325,0,0,0,0,0,56,44,/data/twoIsl_recolonisation/twoIsl_noPred_uncolonised.csv
13,1,212,2,477,28,4152,27,3940,1,212,17,3967,0,0,3984,0,0,100,84,12160,78,11769,62,7241,35,4900,0,0,6,391,0,0,0,0,0,56,44,/data/twoIsl_recolonisation/twoIsl_noPred_uncolonised.csv
13,2,112,3,707,29,4172,28,3974,1,198,23,3981,0,0,4004,0,0,100,83,11872,77,11473,57,7236,27,4640,0,0,6,399,0,0,0,0,0,56,44,/data/twoIsl_recolonisation/twoIsl_noPred_uncolonised.csv
13,0,235,5,524,21,4063,21,3856,0,207,27,3688,0,0,3715,0,0,100,71,11753,64,11371,49,7240,30,4623,0,0,7,382,0,0,0,0,0,56,44,/data/twoIsl_recolonisation/twoIsl_noPred_uncolonised.csv
13,1,231,5,493,36,4028,34,3822,2,206,22,3669,0,0,3691,0,0,100,76,11639,75,11317,51,7241,28,4328,0,0,1,322,0,0,0,0,0,56,44,/data/twoIsl_recolonisation/twoIsl_noPred_uncolonised.csv
13,0,197,5,546,24,3896,24,3723,0,173,23,3708,0,0,3731,0,0,100,76,11435,74,11015,58,7241,34,4714,0,0,2,420,0,0,0,0,0,56,44,/data/twoIsl_recolonisation/twoIsl_noPred_uncolonised.csv
13,2,322,4,476,25,4065,23,3849,2,216,18,3580,0,0,3598,0,0,100,79,11407,75,11029,57,7240,36,4343,0,0,4,378,0,0,0,0,0,56,44,/data/twoIsl_recolonisation/twoIsl_noPred_uncolonised.csv
13,0,384,3,359,29,3879,28,3677,1,202,31,3579,0,0,3610,0,0,100,72,11243,71,10869,47,7233,31,5034,0,0,1,374,0,0,0,0,0,56,44,/data/twoIsl_recolonisation/twoIsl_noPred_uncolonised.csv
13,4,114,3,756,23,4032,21,3812,2,220,21,3429,0,0,3450,0,0,100,71,11365,67,10968,52,7241,29,5351,0,0,4,397,0,0,0,0,0,56,44,/data/twoIsl_recolonisation/twoIsl_noPred_uncolonised.csv
13,1,179,2,730,22,4257,21,4045,1,212,22,3595,0,0,3617,0,0,100,66,11547,64,11202,41,7235,28,4214,0,0,2,345,0,0,0,0,0,56,44,/data/twoIsl_recolonisation/twoIsl_noPred_uncolonised.csv
13,1,316,3,354,23,4125,22,3905,1,220,25,3423,0,0,3448,0,0,100,61,11799,57,11437,45,7239,20,5221,0,0,4,362,0,0,0,0,0,56,44,/data/twoIsl_recolonisation/twoIsl_noPred_uncolonised.csv
13,1,224,1,654,27,4323,25,4089,2,234,18,3555,0,0,3573,0,0,100,64,12108,62,11786,48,7237,31,5071,0,0,2,322,0,0,0,0,0,56,44,/data/twoIsl_recolonisation/twoIsl_noPred_uncolonised.csv
13,2,476,0,393,31,4627,30,4410,1,217,19,3789,0,0,3808,0,0,100,73,12522,70,12154,51,7240,31,4545,0,0,3,368,0,0,0,0,0,56,44,/data/twoIsl_recolonisation/twoIsl_noPred_uncolonised.csv
13,1,202,5,532,30,4094,29,3868,1,226,19,3689,0,0,3708,0,0,100,80,12463,75,12109,54,7241,22,4777,0,0,5,354,0,0,0,0,0,56,44,/data/twoIsl_recolonisation/twoIsl_noPred_uncolonised.csv
13,0,278,6,504,30,4224,28,3997,2,227,22,3905,0,0,3927,0,0,100,81,12338,78,11968,60,7237,43,5145,0,0,3,370,0,0,0,0,0,56,44,/data/twoIsl_recolonisation/twoIsl_noPred_uncolonised.csv
13,0,463,7,364,21,4410,21,4211,0,199,24,4136,0,0,4160,0,0,100,75,12153,71,11811,47,7239,33,4304,0,0,4,342,0,0,0,0,0,56,44,/data/twoIsl_recolonisation/twoIsl_noPred_uncolonised.csv
13,2,110,5,578,20,4282,17,4076,3,206,25,3675,0,0,3700,0,0,100,63,12326,61,11966,48,7241,29,3627,0,0,2,360,0,0,0,0,0,56,44,/data/twoIsl_recolonisation/twoIsl_noPred_uncolonised.csv
13,1,264,1,357,27,4196,25,3984,2,212,24,3769,0,0,3793,0,0,100,62,12299,56,11910,44,7240,34,5166,0,0,6,389,0,0,0,0,0,56,44,/data/twoIsl_recolonisation/twoIsl_noPred_uncolonised.csv
13,4,383,2,496,26,4050,24,3849,2,201,16,3944,0,0,3960,0,0,100,64,11934,61,11520,45,7241,27,5245,0,0,3,414,0,0,0,0,0,56,44,/data/twoIsl_recolonisation/twoIsl_noPred_uncolonised.csv
13,1,123,3,755,24,4149,24,3933,0,216,16,3797,0,0,3813,0,0,100,69,11773,66,11409,43,7233,32,4915,0,0,3,364,0,0,0,0,0,56,44,/data/twoIsl_recolonisation/twoIsl_noPred_uncolonised.csv
13,5,330,3,475,31,4421,28,4216,3,205,22,3705,0,0,3727,0,0,100,72,12027,70,11649,51,7239,35,4567,0,0,2,378,0,0,0,0,0,56,44,/data/twoIsl_recolonisation/twoIsl_noPred_uncolonised.csv
13,0,374,5,387,32,4048,29,3823,3,225,21,3599,0,0,3620,0,0,100,78,11997,75,11632,54,7240,41,3834,0,0,3,365,0,0,0,0,0,56,44,/data/twoIsl_recolonisation/twoIsl_noPred_uncolonised.csv
13,1,275,7,340,34,4094,32,3883,2,211,22,3696,0,0,3718,0,0,100,85,11952,81,11591,61,7237,46,5712,0,0,4,361,0,0,0,0,0,56,44,/data/twoIsl_recolonisation/twoIsl_noPred_uncolonised.csv
13,3,258,3,743,31,4504,30,4253,1,251,25,3934,0,0,3959,0,0,100,86,12050,80,11697,51,7241,30,3366,0,0,6,353,0,0,0,0,0,56,44,/data/twoIsl_recolonisation/twoIsl_noPred_uncolonised.csv
13,2,117,2,418,31,3760,29,3575,2,185,24,3587,0,0,3611,0,0,100,85,11782,79,11429,55,7241,31,5462,0,0,6,353,0,0,0,0,0,56,44,/data/twoIsl_recolonisation/twoIsl_noPred_uncolonised.csv
13,2,258,5,683,31,4208,30,3969,1,239,28,3671,0,0,3699,0,0,100,81,11875,74,11508,58,7241,36,4026,0,0,7,367,0,0,0,0,0,56,44,/data/twoIsl_recolonisation/twoIsl_noPred_uncolonised.csv
13,2,217,3,445,34,4047,32,3849,2,198,21,4009,0,0,4030,0,0,100,85,11472,83,11085,56,7241,35,5843,0,0,2,387,0,0,0,0,0,56,44,/data/twoIsl_recolonisation/twoIsl_noPred_uncolonised.csv
13,0,322,7,571,35,4311,33,4100,2,211,23,3351,0,0,3374,0,0,100,93,11956,89,11566,62,7241,31,4854,0,0,4,390,0,0,0,0,0,56,44,/data/twoIsl_recolonisation/twoIsl_noPred_uncolonised.csv
13,0,226,6,592,27,4256,24,4049,3,207,29,3721,0,0,3750,0,0,100,84,12011,81,11633,61,7241,42,4998,0,0,3,378,0,0,0,0,0,56,44,/data/twoIsl_recolonisation/twoIsl_noPred_uncolonised.csv
