#Enso baseline strings
enso_chick_down <- c("[0.45 0.2 0 0.2 0.5]",
                     "[0.5 0.18 0 0.2 0.5]",
                     "[0.5 0.2 0 0.18 0.5]",
                     "[0.5 0.2 0 0.2 0.45]")

enso_chick_baseline <- "[0.5 0.2 0 0.2 0.5]"

enso_chick_up <- c("[0.55 0.2 0 0.2 0.5]",
                   "[0.5 0.22 0 0.2 0.5]",
                   "[0.5 0.2 0 0.22 0.5]",
                   "[0.5 0.2 0 0.2 0.55]")

enso_ad_down <- c("[0.055 0.025 0 0.025 0.05]",
                  "[0.05 0.0275 0 0.025 0.05]",
                  "[0.05 0.025 0 0.0275 0.05]",
                  "[0.05 0.025 0 0.025 0.055]")

enso_ad_baseline <- "[0.05 0.025 0 0.025 0.05]"

enso_ad_up <- c("[0.045 0.025 0 0.025 0.05]",
                "[0.05 0.0225 0 0.025 0.05]",
                "[0.05 0.025 0 0.0225 0.05]",
                "[0.05 0.025 0 0.025 0.045]")